import * as THREE from 'three';
import { TrackballControls } from 'three/addons/controls/TrackballControls.js';

//////////////////////////////////////////////////////////////////////////////////
//		Init
//////////////////////////////////////////////////////////////////////////////////

// init renderer
var renderer	= new THREE.WebGLRenderer({
    antialias: true,
    alpha: true,
    precision: 'mediump',
});
renderer.setClearColor(new THREE.Color('lightgrey'), 0)
renderer.setSize( window.innerWidth, window.innerHeight );
renderer.domElement.style.position = 'absolute'
renderer.domElement.style.top = '0px'
renderer.domElement.style.left = '0px'
document.body.appendChild( renderer.domElement );

// array of functions for the rendering loop
var onRenderFcts= [];

// init scene and camera
var scene	= new THREE.Scene();

//////////////////////////////////////////////////////////////////////////////////
//		Initialize a basic camera
//////////////////////////////////////////////////////////////////////////////////

// Create a camera
const camera = new THREE.PerspectiveCamera( 75, window.innerWidth / window.innerHeight, 0.1, 1000 );
scene.add(camera);

const controls = new TrackballControls( camera, renderer.domElement );
camera.position.set( 0, 0, 59.64194839397904 );
controls.update();

const hemisphere_light = new THREE.HemisphereLight( 0xffffff, 0x080808, 1 );
camera.add(hemisphere_light);

const sphere_geom = new THREE.SphereGeometry(1, 36, 18);
const marker_geom = new THREE.CylinderGeometry(1, 1, 0.2, 36, 1, true);

const bond_mat = new THREE.MeshPhysicalMaterial({color: "#444444"})

const m_ring1 = new THREE.Matrix4();
m_ring1.set(
    1.0, 0.0, 0.0, 0.0,
    0.0, 0.0, -1.0, 0.0,
    0.0, 1.0, 0.0, 0.0,
    0.0, 0.0, 0.0, 1.0
);

const m_ring2 = new THREE.Matrix4();
m_ring2.set(
    0.0, -1.0, 0.0, 0.0,
    1.0, 0.0, 0.0, 0.0,
    0.0, 0.0, 1.0, 0.0,
    0.0, 0.0, 0.0, 1.0
);


////////////////////////////////////////////////////////////////////////////////
//          Entries for Cps2si
////////////////////////////////////////////////////////////////////////////////
var structureRoot = new THREE.Group
scene.add(structureRoot)

//             Si1             //
var mat = new THREE.MeshPhysicalMaterial({color:"#f0c8a0"});
var mesh = new THREE.Mesh(sphere_geom, mat);
mesh.scale.x = 0.1800786519600739;
mesh.scale.y = 0.13850848300370328;
mesh.scale.z = 0.12679198722606108;
var m = new THREE.Matrix4();
m.set(-0.7441240961978234, 0.5253356416265935, 0.41267637816398905, 0, 
      0.6627741246294867, 0.657972225692071, 0.35749546841804847, 0,
      -0.08372448375110793, 0.5395322176243026, -0.8377918577821181, 0,
      0,            0,            0,            1);
mesh.setRotationFromMatrix(m);
mesh.position.x = -5.323471420824728;
mesh.position.y = -1.0293419610382517;
mesh.position.z = -0.352092467082608;
structureRoot.add(mesh);

var mat = new THREE.MeshPhysicalMaterial({color: "#000000"});
var mesh = new THREE.Mesh(marker_geom, mat);
mesh.scale.x = 0.1880786519600739;
mesh.scale.y = 0.14650848300370328;
mesh.scale.z = 0.1347919872260611;
mesh.setRotationFromMatrix(m);
mesh.position.x = -5.323471420824728;
mesh.position.y = -1.0293419610382517;
mesh.position.z = -0.352092467082608;
structureRoot.add(mesh);

var mat = new THREE.MeshPhysicalMaterial({color: "#000000"});
var mesh = new THREE.Mesh(marker_geom, mat);
mesh.scale.x = 0.1880786519600739;
mesh.scale.y = 0.1347919872260611;
mesh.scale.z = 0.14650848300370328;
var m1 = m.clone();
m1.multiply(m_ring1);
mesh.setRotationFromMatrix(m1); 
mesh.position.x = -5.323471420824728;
mesh.position.y = -1.0293419610382517;
mesh.position.z = -0.352092467082608;
structureRoot.add(mesh);

var mat = new THREE.MeshPhysicalMaterial({color: "#000000"});
var mesh = new THREE.Mesh(marker_geom, mat);
mesh.scale.x = 0.14650848300370328;
mesh.scale.y = 0.1880786519600739;
mesh.scale.z = 0.1347919872260611;
var m2 = m.clone()
m2.multiply(m_ring2);
mesh.setRotationFromMatrix(m2);      
mesh.position.x = -5.323471420824728;
mesh.position.y = -1.0293419610382517;
mesh.position.z = -0.352092467082608;
structureRoot.add(mesh);
//             C1             //
var mat = new THREE.MeshPhysicalMaterial({color:"#000000"});
var mesh = new THREE.Mesh(sphere_geom, mat);
mesh.scale.x = 0.17769017485981325;
mesh.scale.y = 0.12927096640108499;
mesh.scale.z = 0.15527916605830006;
var m = new THREE.Matrix4();
m.set(-0.9525918676085136, 0.10917787540146211, 0.2839875442496501, 0, 
      0.20977638406699597, -0.440375099190522, 0.8729625654635564, 0,
      0.22036924117013315, 0.8911509207400062, 0.39659479826434796, 0,
      0,            0,            0,            1);
mesh.setRotationFromMatrix(m);
mesh.position.x = -3.8489135135685757;
mesh.position.y = -1.4511067610382513;
mesh.position.z = 1.692154209664368;
structureRoot.add(mesh);

var mat = new THREE.MeshPhysicalMaterial({color: "#ffffff"});
var mesh = new THREE.Mesh(marker_geom, mat);
mesh.scale.x = 0.18569017485981326;
mesh.scale.y = 0.137270966401085;
mesh.scale.z = 0.16327916605830006;
mesh.setRotationFromMatrix(m);
mesh.position.x = -3.8489135135685757;
mesh.position.y = -1.4511067610382513;
mesh.position.z = 1.692154209664368;
structureRoot.add(mesh);

var mat = new THREE.MeshPhysicalMaterial({color: "#ffffff"});
var mesh = new THREE.Mesh(marker_geom, mat);
mesh.scale.x = 0.18569017485981326;
mesh.scale.y = 0.16327916605830006;
mesh.scale.z = 0.137270966401085;
var m1 = m.clone();
m1.multiply(m_ring1);
mesh.setRotationFromMatrix(m1); 
mesh.position.x = -3.8489135135685757;
mesh.position.y = -1.4511067610382513;
mesh.position.z = 1.692154209664368;
structureRoot.add(mesh);

var mat = new THREE.MeshPhysicalMaterial({color: "#ffffff"});
var mesh = new THREE.Mesh(marker_geom, mat);
mesh.scale.x = 0.137270966401085;
mesh.scale.y = 0.18569017485981326;
mesh.scale.z = 0.16327916605830006;
var m2 = m.clone()
m2.multiply(m_ring2);
mesh.setRotationFromMatrix(m2);      
mesh.position.x = -3.8489135135685757;
mesh.position.y = -1.4511067610382513;
mesh.position.z = 1.692154209664368;
structureRoot.add(mesh);
//             C2             //
var mat = new THREE.MeshPhysicalMaterial({color:"#000000"});
var mesh = new THREE.Mesh(sphere_geom, mat);
mesh.scale.x = 0.15907296834920848;
mesh.scale.y = 0.15107464412567467;
mesh.scale.z = 0.14306478576745993;
var m = new THREE.Matrix4();
m.set(-0.8662055161201881, 0.2715540782347012, 0.4194596362429411, 0, 
      0.46353344295588905, 0.7501766062450853, 0.4715631524027993, 0,
      -0.18661390919333481, 0.6029041731790459, -0.7756815112266586, 0,
      0,            0,            0,            1);
mesh.setRotationFromMatrix(m);
mesh.position.x = -3.2076420978480655;
mesh.position.y = -0.629739961038251;
mesh.position.z = 0.7305391824263907;
structureRoot.add(mesh);

var mat = new THREE.MeshPhysicalMaterial({color: "#ffffff"});
var mesh = new THREE.Mesh(marker_geom, mat);
mesh.scale.x = 0.16707296834920848;
mesh.scale.y = 0.15907464412567468;
mesh.scale.z = 0.15106478576745994;
mesh.setRotationFromMatrix(m);
mesh.position.x = -3.2076420978480655;
mesh.position.y = -0.629739961038251;
mesh.position.z = 0.7305391824263907;
structureRoot.add(mesh);

var mat = new THREE.MeshPhysicalMaterial({color: "#ffffff"});
var mesh = new THREE.Mesh(marker_geom, mat);
mesh.scale.x = 0.16707296834920848;
mesh.scale.y = 0.15106478576745994;
mesh.scale.z = 0.15907464412567468;
var m1 = m.clone();
m1.multiply(m_ring1);
mesh.setRotationFromMatrix(m1); 
mesh.position.x = -3.2076420978480655;
mesh.position.y = -0.629739961038251;
mesh.position.z = 0.7305391824263907;
structureRoot.add(mesh);

var mat = new THREE.MeshPhysicalMaterial({color: "#ffffff"});
var mesh = new THREE.Mesh(marker_geom, mat);
mesh.scale.x = 0.15907464412567468;
mesh.scale.y = 0.16707296834920848;
mesh.scale.z = 0.15106478576745994;
var m2 = m.clone()
m2.multiply(m_ring2);
mesh.setRotationFromMatrix(m2);      
mesh.position.x = -3.2076420978480655;
mesh.position.y = -0.629739961038251;
mesh.position.z = 0.7305391824263907;
structureRoot.add(mesh);
//             C3             //
var mat = new THREE.MeshPhysicalMaterial({color:"#000000"});
var mesh = new THREE.Mesh(sphere_geom, mat);
mesh.scale.x = 0.1637227894090971;
mesh.scale.y = 0.1420546631827645;
mesh.scale.z = 0.13666648676343873;
var m = new THREE.Matrix4();
m.set(-0.8444914604917956, 0.38984788983530794, 0.36722308743785725, 0, 
      0.5327089259128244, 0.68220099917733, 0.5008223207628207, 0,
      -0.05527543223928332, 0.6185631895872966, -0.7837883688077739, 0,
      0,            0,            0,            1);
mesh.setRotationFromMatrix(m);
mesh.position.x = -3.9609551751721845;
mesh.position.y = 0.5756141389617491;
mesh.position.z = 0.6103916202793975;
structureRoot.add(mesh);

var mat = new THREE.MeshPhysicalMaterial({color: "#ffffff"});
var mesh = new THREE.Mesh(marker_geom, mat);
mesh.scale.x = 0.1717227894090971;
mesh.scale.y = 0.1500546631827645;
mesh.scale.z = 0.14466648676343874;
mesh.setRotationFromMatrix(m);
mesh.position.x = -3.9609551751721845;
mesh.position.y = 0.5756141389617491;
mesh.position.z = 0.6103916202793975;
structureRoot.add(mesh);

var mat = new THREE.MeshPhysicalMaterial({color: "#ffffff"});
var mesh = new THREE.Mesh(marker_geom, mat);
mesh.scale.x = 0.1717227894090971;
mesh.scale.y = 0.14466648676343874;
mesh.scale.z = 0.1500546631827645;
var m1 = m.clone();
m1.multiply(m_ring1);
mesh.setRotationFromMatrix(m1); 
mesh.position.x = -3.9609551751721845;
mesh.position.y = 0.5756141389617491;
mesh.position.z = 0.6103916202793975;
structureRoot.add(mesh);

var mat = new THREE.MeshPhysicalMaterial({color: "#ffffff"});
var mesh = new THREE.Mesh(marker_geom, mat);
mesh.scale.x = 0.1500546631827645;
mesh.scale.y = 0.1717227894090971;
mesh.scale.z = 0.14466648676343874;
var m2 = m.clone()
m2.multiply(m_ring2);
mesh.setRotationFromMatrix(m2);      
mesh.position.x = -3.9609551751721845;
mesh.position.y = 0.5756141389617491;
mesh.position.z = 0.6103916202793975;
structureRoot.add(mesh);
//             C4             //
var mat = new THREE.MeshPhysicalMaterial({color:"#000000"});
var mesh = new THREE.Mesh(sphere_geom, mat);
mesh.scale.x = 0.16805026087132843;
mesh.scale.y = 0.1577440427088678;
mesh.scale.z = 0.14873218974475438;
var m = new THREE.Matrix4();
m.set(-0.7910225990038312, -0.520424037692217, -0.32162411112563444, 0, 
      -0.600346877992727, 0.761500328297007, 0.24433762724545058, 0,
      0.11775769167919034, 0.38636261593958604, -0.9147989150926606, 0,
      0,            0,            0,            1);
mesh.setRotationFromMatrix(m);
mesh.position.x = -5.0775908595643315;
mesh.position.y = 0.4749580889617486;
mesh.position.z = 1.4953120915718205;
structureRoot.add(mesh);

var mat = new THREE.MeshPhysicalMaterial({color: "#ffffff"});
var mesh = new THREE.Mesh(marker_geom, mat);
mesh.scale.x = 0.17605026087132844;
mesh.scale.y = 0.1657440427088678;
mesh.scale.z = 0.1567321897447544;
mesh.setRotationFromMatrix(m);
mesh.position.x = -5.0775908595643315;
mesh.position.y = 0.4749580889617486;
mesh.position.z = 1.4953120915718205;
structureRoot.add(mesh);

var mat = new THREE.MeshPhysicalMaterial({color: "#ffffff"});
var mesh = new THREE.Mesh(marker_geom, mat);
mesh.scale.x = 0.17605026087132844;
mesh.scale.y = 0.1567321897447544;
mesh.scale.z = 0.1657440427088678;
var m1 = m.clone();
m1.multiply(m_ring1);
mesh.setRotationFromMatrix(m1); 
mesh.position.x = -5.0775908595643315;
mesh.position.y = 0.4749580889617486;
mesh.position.z = 1.4953120915718205;
structureRoot.add(mesh);

var mat = new THREE.MeshPhysicalMaterial({color: "#ffffff"});
var mesh = new THREE.Mesh(marker_geom, mat);
mesh.scale.x = 0.1657440427088678;
mesh.scale.y = 0.17605026087132844;
mesh.scale.z = 0.1567321897447544;
var m2 = m.clone()
m2.multiply(m_ring2);
mesh.setRotationFromMatrix(m2);      
mesh.position.x = -5.0775908595643315;
mesh.position.y = 0.4749580889617486;
mesh.position.z = 1.4953120915718205;
structureRoot.add(mesh);
//             C5             //
var mat = new THREE.MeshPhysicalMaterial({color:"#000000"});
var mesh = new THREE.Mesh(sphere_geom, mat);
mesh.scale.x = 0.13371584613636464;
mesh.scale.y = 0.17608885303287802;
mesh.scale.z = 0.16783914460103785;
var m = new THREE.Matrix4();
m.set(-0.11371746762894072, -0.3630265391995784, 0.9248135322284368, 0, 
      -0.8922878245128252, 0.44667279003144084, 0.06561902827456548, 0,
      -0.43691048943946237, -0.817737825028478, -0.37471865944394067, 0,
      0,            0,            0,            1);
mesh.setRotationFromMatrix(m);
mesh.position.x = -4.996030763494787;
mesh.position.y = -0.7749734610382513;
mesh.position.z = 2.1605776165159423;
structureRoot.add(mesh);

var mat = new THREE.MeshPhysicalMaterial({color: "#ffffff"});
var mesh = new THREE.Mesh(marker_geom, mat);
mesh.scale.x = 0.14171584613636465;
mesh.scale.y = 0.18408885303287803;
mesh.scale.z = 0.17583914460103786;
mesh.setRotationFromMatrix(m);
mesh.position.x = -4.996030763494787;
mesh.position.y = -0.7749734610382513;
mesh.position.z = 2.1605776165159423;
structureRoot.add(mesh);

var mat = new THREE.MeshPhysicalMaterial({color: "#ffffff"});
var mesh = new THREE.Mesh(marker_geom, mat);
mesh.scale.x = 0.14171584613636465;
mesh.scale.y = 0.17583914460103786;
mesh.scale.z = 0.18408885303287803;
var m1 = m.clone();
m1.multiply(m_ring1);
mesh.setRotationFromMatrix(m1); 
mesh.position.x = -4.996030763494787;
mesh.position.y = -0.7749734610382513;
mesh.position.z = 2.1605776165159423;
structureRoot.add(mesh);

var mat = new THREE.MeshPhysicalMaterial({color: "#ffffff"});
var mesh = new THREE.Mesh(marker_geom, mat);
mesh.scale.x = 0.18408885303287803;
mesh.scale.y = 0.14171584613636465;
mesh.scale.z = 0.17583914460103786;
var m2 = m.clone()
m2.multiply(m_ring2);
mesh.setRotationFromMatrix(m2);      
mesh.position.x = -4.996030763494787;
mesh.position.y = -0.7749734610382513;
mesh.position.z = 2.1605776165159423;
structureRoot.add(mesh);
//             C6             //
var mat = new THREE.MeshPhysicalMaterial({color:"#000000"});
var mesh = new THREE.Mesh(sphere_geom, mat);
mesh.scale.x = 0.13795899596832997;
mesh.scale.y = 0.21909246927429393;
mesh.scale.z = 0.19489468753566247;
var m = new THREE.Matrix4();
m.set(0.18237181116126497, -0.8375087160025678, 0.5150919074432156, 0, 
      -0.974876628836333, -0.08588149703447785, 0.20552354370198941, 0,
      -0.12789089507258286, -0.5396327631703316, -0.8321300378370478, 0,
      0,            0,            0,            1);
mesh.setRotationFromMatrix(m);
mesh.position.x = -3.4269142327621687;
mesh.position.y = -2.836029911038251;
mesh.position.z = 2.0708471587099613;
structureRoot.add(mesh);

var mat = new THREE.MeshPhysicalMaterial({color: "#ffffff"});
var mesh = new THREE.Mesh(marker_geom, mat);
mesh.scale.x = 0.14595899596832998;
mesh.scale.y = 0.22709246927429394;
mesh.scale.z = 0.20289468753566248;
mesh.setRotationFromMatrix(m);
mesh.position.x = -3.4269142327621687;
mesh.position.y = -2.836029911038251;
mesh.position.z = 2.0708471587099613;
structureRoot.add(mesh);

var mat = new THREE.MeshPhysicalMaterial({color: "#ffffff"});
var mesh = new THREE.Mesh(marker_geom, mat);
mesh.scale.x = 0.14595899596832998;
mesh.scale.y = 0.20289468753566248;
mesh.scale.z = 0.22709246927429394;
var m1 = m.clone();
m1.multiply(m_ring1);
mesh.setRotationFromMatrix(m1); 
mesh.position.x = -3.4269142327621687;
mesh.position.y = -2.836029911038251;
mesh.position.z = 2.0708471587099613;
structureRoot.add(mesh);

var mat = new THREE.MeshPhysicalMaterial({color: "#ffffff"});
var mesh = new THREE.Mesh(marker_geom, mat);
mesh.scale.x = 0.22709246927429394;
mesh.scale.y = 0.14595899596832998;
mesh.scale.z = 0.20289468753566248;
var m2 = m.clone()
m2.multiply(m_ring2);
mesh.setRotationFromMatrix(m2);      
mesh.position.x = -3.4269142327621687;
mesh.position.y = -2.836029911038251;
mesh.position.z = 2.0708471587099613;
structureRoot.add(mesh);
//             H6A             //
var mat = new THREE.MeshPhysicalMaterial({color:"#ffffff"});
var mesh = new THREE.Mesh(sphere_geom, mat);
mesh.scale.x = 0.15;
mesh.scale.y = 0.15;
mesh.scale.z = 0.15;
mesh.position.x = -4.221037584472089;
mesh.position.y = -3.386490061038251;
mesh.position.z = 2.234013196996388;
structureRoot.add(mesh);
//             H6B             //
var mat = new THREE.MeshPhysicalMaterial({color:"#ffffff"});
var mesh = new THREE.Mesh(sphere_geom, mat);
mesh.scale.x = 0.15;
mesh.scale.y = 0.15;
mesh.scale.z = 0.15;
mesh.position.x = -2.8812863474309154;
mesh.position.y = -2.8004099260382507;
mesh.position.z = 2.88407016977;
structureRoot.add(mesh);
//             H6C             //
var mat = new THREE.MeshPhysicalMaterial({color:"#ffffff"});
var mesh = new THREE.Mesh(sphere_geom, mat);
mesh.scale.x = 0.15;
mesh.scale.y = 0.15;
mesh.scale.z = 0.15;
mesh.position.x = -2.901746263632994;
mesh.position.y = -3.2281687560382513;
mesh.position.z = 1.3420967917055275;
structureRoot.add(mesh);
//             H6D             //
var mat = new THREE.MeshPhysicalMaterial({color:"#ffffff"});
var mesh = new THREE.Mesh(sphere_geom, mat);
mesh.scale.x = 0.15;
mesh.scale.y = 0.15;
mesh.scale.z = 0.15;
mesh.position.x = -2.4483553679571344;
mesh.position.y = -2.8902196360382515;
mesh.position.z = 2.072780817485926;
structureRoot.add(mesh);
//             H6E             //
var mat = new THREE.MeshPhysicalMaterial({color:"#ffffff"});
var mesh = new THREE.Mesh(sphere_geom, mat);
mesh.scale.x = 0.15;
mesh.scale.y = 0.15;
mesh.scale.z = 0.15;
mesh.position.x = -3.788106604998312;
mesh.position.y = -3.476299771038251;
mesh.position.z = 1.4227238447123103;
structureRoot.add(mesh);
//             H6F             //
var mat = new THREE.MeshPhysicalMaterial({color:"#ffffff"});
var mesh = new THREE.Mesh(sphere_geom, mat);
mesh.scale.x = 0.15;
mesh.scale.y = 0.15;
mesh.scale.z = 0.15;
mesh.position.x = -3.7676391355805574;
mesh.position.y = -3.048540941038251;
mesh.position.z = 2.964675496273683;
structureRoot.add(mesh);
//             C7             //
var mat = new THREE.MeshPhysicalMaterial({color:"#000000"});
var mesh = new THREE.Mesh(sphere_geom, mat);
mesh.scale.x = 0.21097149290643144;
mesh.scale.y = 0.15820767138759037;
mesh.scale.z = 0.1793738206669701;
var m = new THREE.Matrix4();
m.set(-0.5040783571993872, -0.435292545409658, -0.7459392801789888, 0, 
      -0.859253232024624, 0.3398832516297571, 0.38231303733566435, 0,
      0.08711425290045648, 0.8336664651839872, -0.5453543176405876, 0,
      0,            0,            0,            1);
mesh.setRotationFromMatrix(m);
mesh.position.x = -1.957072315736763;
mesh.position.y = -0.9558017610382521;
mesh.position.z = -0.029236631005872482;
structureRoot.add(mesh);

var mat = new THREE.MeshPhysicalMaterial({color: "#ffffff"});
var mesh = new THREE.Mesh(marker_geom, mat);
mesh.scale.x = 0.21897149290643145;
mesh.scale.y = 0.16620767138759038;
mesh.scale.z = 0.18737382066697011;
mesh.setRotationFromMatrix(m);
mesh.position.x = -1.957072315736763;
mesh.position.y = -0.9558017610382521;
mesh.position.z = -0.029236631005872482;
structureRoot.add(mesh);

var mat = new THREE.MeshPhysicalMaterial({color: "#ffffff"});
var mesh = new THREE.Mesh(marker_geom, mat);
mesh.scale.x = 0.21897149290643145;
mesh.scale.y = 0.18737382066697011;
mesh.scale.z = 0.16620767138759038;
var m1 = m.clone();
m1.multiply(m_ring1);
mesh.setRotationFromMatrix(m1); 
mesh.position.x = -1.957072315736763;
mesh.position.y = -0.9558017610382521;
mesh.position.z = -0.029236631005872482;
structureRoot.add(mesh);

var mat = new THREE.MeshPhysicalMaterial({color: "#ffffff"});
var mesh = new THREE.Mesh(marker_geom, mat);
mesh.scale.x = 0.16620767138759038;
mesh.scale.y = 0.21897149290643145;
mesh.scale.z = 0.18737382066697011;
var m2 = m.clone()
m2.multiply(m_ring2);
mesh.setRotationFromMatrix(m2);      
mesh.position.x = -1.957072315736763;
mesh.position.y = -0.9558017610382521;
mesh.position.z = -0.029236631005872482;
structureRoot.add(mesh);
//             H7A             //
var mat = new THREE.MeshPhysicalMaterial({color:"#ffffff"});
var mesh = new THREE.Mesh(sphere_geom, mat);
mesh.scale.x = 0.15;
mesh.scale.y = 0.15;
mesh.scale.z = 0.15;
mesh.position.x = -1.932845478704543;
mesh.position.y = -0.43361597103825167;
mesh.position.z = -0.8582113568139391;
structureRoot.add(mesh);
//             H7B             //
var mat = new THREE.MeshPhysicalMaterial({color:"#ffffff"});
var mesh = new THREE.Mesh(sphere_geom, mat);
mesh.scale.x = 0.15;
mesh.scale.y = 0.15;
mesh.scale.z = 0.15;
mesh.position.x = -1.9455325729590456;
mesh.position.y = -1.9116984360382516;
mesh.position.z = -0.2448939007836426;
structureRoot.add(mesh);
//             H7C             //
var mat = new THREE.MeshPhysicalMaterial({color:"#ffffff"});
var mesh = new THREE.Mesh(sphere_geom, mat);
mesh.scale.x = 0.15;
mesh.scale.y = 0.15;
mesh.scale.z = 0.15;
mesh.position.x = -1.174918483166234;
mesh.position.y = -0.7351307910382512;
mesh.position.z = 0.5186188711819462;
structureRoot.add(mesh);
//             C8             //
var mat = new THREE.MeshPhysicalMaterial({color:"#000000"});
var mesh = new THREE.Mesh(sphere_geom, mat);
mesh.scale.x = 0.19817028025874378;
mesh.scale.y = 0.16782102186256345;
mesh.scale.z = 0.138779794372006;
var m = new THREE.Matrix4();
m.set(0.7210735699516411, -0.4669163028079251, -0.5119004521285107, 0, 
      -0.613120537448241, -0.08589701151297212, -0.7853056156505696, 0,
      0.3227012756038872, 0.8801198041092577, -0.3482140392607765, 0,
      0,            0,            0,            1);
mesh.setRotationFromMatrix(m);
mesh.position.x = -3.53344306990698;
mesh.position.y = 1.8116939389617488;
mesh.position.z = -0.1204879440289055;
structureRoot.add(mesh);

var mat = new THREE.MeshPhysicalMaterial({color: "#ffffff"});
var mesh = new THREE.Mesh(marker_geom, mat);
mesh.scale.x = 0.2061702802587438;
mesh.scale.y = 0.17582102186256346;
mesh.scale.z = 0.146779794372006;
mesh.setRotationFromMatrix(m);
mesh.position.x = -3.53344306990698;
mesh.position.y = 1.8116939389617488;
mesh.position.z = -0.1204879440289055;
structureRoot.add(mesh);

var mat = new THREE.MeshPhysicalMaterial({color: "#ffffff"});
var mesh = new THREE.Mesh(marker_geom, mat);
mesh.scale.x = 0.2061702802587438;
mesh.scale.y = 0.146779794372006;
mesh.scale.z = 0.17582102186256346;
var m1 = m.clone();
m1.multiply(m_ring1);
mesh.setRotationFromMatrix(m1); 
mesh.position.x = -3.53344306990698;
mesh.position.y = 1.8116939389617488;
mesh.position.z = -0.1204879440289055;
structureRoot.add(mesh);

var mat = new THREE.MeshPhysicalMaterial({color: "#ffffff"});
var mesh = new THREE.Mesh(marker_geom, mat);
mesh.scale.x = 0.17582102186256346;
mesh.scale.y = 0.2061702802587438;
mesh.scale.z = 0.146779794372006;
var m2 = m.clone()
m2.multiply(m_ring2);
mesh.setRotationFromMatrix(m2);      
mesh.position.x = -3.53344306990698;
mesh.position.y = 1.8116939389617488;
mesh.position.z = -0.1204879440289055;
structureRoot.add(mesh);
//             H8A             //
var mat = new THREE.MeshPhysicalMaterial({color:"#ffffff"});
var mesh = new THREE.Mesh(sphere_geom, mat);
mesh.scale.x = 0.15;
mesh.scale.y = 0.15;
mesh.scale.z = 0.15;
mesh.position.x = -4.3184264891145805;
mesh.position.y = 2.3667377589617486;
mesh.position.z = -0.3106600256695309;
structureRoot.add(mesh);
//             H8B             //
var mat = new THREE.MeshPhysicalMaterial({color:"#ffffff"});
var mesh = new THREE.Mesh(sphere_geom, mat);
mesh.scale.x = 0.15;
mesh.scale.y = 0.15;
mesh.scale.z = 0.15;
mesh.position.x = -3.099770022901854;
mesh.position.y = 1.5598103589617485;
mesh.position.z = -0.9624551186912047;
structureRoot.add(mesh);
//             H8C             //
var mat = new THREE.MeshPhysicalMaterial({color:"#ffffff"});
var mesh = new THREE.Mesh(sphere_geom, mat);
mesh.scale.x = 0.15;
mesh.scale.y = 0.15;
mesh.scale.z = 0.15;
mesh.position.x = -2.9025353028034733;
mesh.position.y = 2.3169805939617487;
mesh.position.z = 0.43355961154261813;
structureRoot.add(mesh);
//             C9             //
var mat = new THREE.MeshPhysicalMaterial({color:"#000000"});
var mesh = new THREE.Mesh(sphere_geom, mat);
mesh.scale.x = 0.23209503126285208;
mesh.scale.y = 0.15773291320846264;
mesh.scale.z = 0.1906476795721702;
var m = new THREE.Matrix4();
m.set(0.6829781317280302, 0.5177185383203224, 0.5152750592263885, 0, 
      0.696719192834044, -0.6735926019034134, -0.24668881814477878, 0,
      0.21937009349035572, 0.5274850914864407, -0.8207534589275722, 0,
      0,            0,            0,            1);
mesh.setRotationFromMatrix(m);
mesh.position.x = -6.101358821975666;
mesh.position.y = 1.540619388961749;
mesh.position.z = 1.73430362567977;
structureRoot.add(mesh);

var mat = new THREE.MeshPhysicalMaterial({color: "#ffffff"});
var mesh = new THREE.Mesh(marker_geom, mat);
mesh.scale.x = 0.2400950312628521;
mesh.scale.y = 0.16573291320846265;
mesh.scale.z = 0.1986476795721702;
mesh.setRotationFromMatrix(m);
mesh.position.x = -6.101358821975666;
mesh.position.y = 1.540619388961749;
mesh.position.z = 1.73430362567977;
structureRoot.add(mesh);

var mat = new THREE.MeshPhysicalMaterial({color: "#ffffff"});
var mesh = new THREE.Mesh(marker_geom, mat);
mesh.scale.x = 0.2400950312628521;
mesh.scale.y = 0.1986476795721702;
mesh.scale.z = 0.16573291320846265;
var m1 = m.clone();
m1.multiply(m_ring1);
mesh.setRotationFromMatrix(m1); 
mesh.position.x = -6.101358821975666;
mesh.position.y = 1.540619388961749;
mesh.position.z = 1.73430362567977;
structureRoot.add(mesh);

var mat = new THREE.MeshPhysicalMaterial({color: "#ffffff"});
var mesh = new THREE.Mesh(marker_geom, mat);
mesh.scale.x = 0.16573291320846265;
mesh.scale.y = 0.2400950312628521;
mesh.scale.z = 0.1986476795721702;
var m2 = m.clone()
m2.multiply(m_ring2);
mesh.setRotationFromMatrix(m2);      
mesh.position.x = -6.101358821975666;
mesh.position.y = 1.540619388961749;
mesh.position.z = 1.73430362567977;
structureRoot.add(mesh);
//             H9A             //
var mat = new THREE.MeshPhysicalMaterial({color:"#ffffff"});
var mesh = new THREE.Mesh(sphere_geom, mat);
mesh.scale.x = 0.15;
mesh.scale.y = 0.15;
mesh.scale.z = 0.15;
mesh.position.x = -6.976881976087004;
mesh.position.y = 1.1255370089617478;
mesh.position.z = 1.8813920516716625;
structureRoot.add(mesh);
//             H9B             //
var mat = new THREE.MeshPhysicalMaterial({color:"#ffffff"});
var mesh = new THREE.Mesh(sphere_geom, mat);
mesh.scale.x = 0.15;
mesh.scale.y = 0.15;
mesh.scale.z = 0.15;
mesh.position.x = -6.146887806288408;
mesh.position.y = 2.1308550489617493;
mesh.position.z = 0.9532141127056963;
structureRoot.add(mesh);
//             H9C             //
var mat = new THREE.MeshPhysicalMaterial({color:"#ffffff"});
var mesh = new THREE.Mesh(sphere_geom, mat);
mesh.scale.x = 0.15;
mesh.scale.y = 0.15;
mesh.scale.z = 0.15;
mesh.position.x = -5.850718647598882;
mesh.position.y = 2.063250113961748;
mesh.position.z = 2.524453090446846;
structureRoot.add(mesh);
//             C10             //
var mat = new THREE.MeshPhysicalMaterial({color:"#000000"});
var mesh = new THREE.Mesh(sphere_geom, mat);
mesh.scale.x = 0.14281721116084645;
mesh.scale.y = 0.23073936676941176;
mesh.scale.z = 0.21903584029434953;
var m = new THREE.Matrix4();
m.set(-0.45347572069286635, -0.38901144295490686, 0.8018914315493253, 0, 
      -0.7567154093600397, -0.3073117921816813, -0.5770106165601724, 0,
      0.4708944255129298, -0.8684639080792158, -0.1550125168643581, 0,
      0,            0,            0,            1);
mesh.setRotationFromMatrix(m);
mesh.position.x = -6.003695278425232;
mesh.position.y = -1.3183818110382508;
mesh.position.z = 3.1321868351802546;
structureRoot.add(mesh);

var mat = new THREE.MeshPhysicalMaterial({color: "#ffffff"});
var mesh = new THREE.Mesh(marker_geom, mat);
mesh.scale.x = 0.15081721116084645;
mesh.scale.y = 0.23873936676941176;
mesh.scale.z = 0.22703584029434953;
mesh.setRotationFromMatrix(m);
mesh.position.x = -6.003695278425232;
mesh.position.y = -1.3183818110382508;
mesh.position.z = 3.1321868351802546;
structureRoot.add(mesh);

var mat = new THREE.MeshPhysicalMaterial({color: "#ffffff"});
var mesh = new THREE.Mesh(marker_geom, mat);
mesh.scale.x = 0.15081721116084645;
mesh.scale.y = 0.22703584029434953;
mesh.scale.z = 0.23873936676941176;
var m1 = m.clone();
m1.multiply(m_ring1);
mesh.setRotationFromMatrix(m1); 
mesh.position.x = -6.003695278425232;
mesh.position.y = -1.3183818110382508;
mesh.position.z = 3.1321868351802546;
structureRoot.add(mesh);

var mat = new THREE.MeshPhysicalMaterial({color: "#ffffff"});
var mesh = new THREE.Mesh(marker_geom, mat);
mesh.scale.x = 0.23873936676941176;
mesh.scale.y = 0.15081721116084645;
mesh.scale.z = 0.22703584029434953;
var m2 = m.clone()
m2.multiply(m_ring2);
mesh.setRotationFromMatrix(m2);      
mesh.position.x = -6.003695278425232;
mesh.position.y = -1.3183818110382508;
mesh.position.z = 3.1321868351802546;
structureRoot.add(mesh);
//             H10A             //
var mat = new THREE.MeshPhysicalMaterial({color:"#ffffff"});
var mesh = new THREE.Mesh(sphere_geom, mat);
mesh.scale.x = 0.15;
mesh.scale.y = 0.15;
mesh.scale.z = 0.15;
mesh.position.x = -6.889812937704532;
mesh.position.y = -0.9581187810382517;
mesh.position.z = 2.9196581818489857;
structureRoot.add(mesh);
//             H10B             //
var mat = new THREE.MeshPhysicalMaterial({color:"#ffffff"});
var mesh = new THREE.Mesh(sphere_geom, mat);
mesh.scale.x = 0.15;
mesh.scale.y = 0.15;
mesh.scale.z = 0.15;
mesh.position.x = -5.7539855131751025;
mesh.position.y = -1.0556854710382506;
mesh.position.z = 4.042831486143934;
structureRoot.add(mesh);
//             H10C             //
var mat = new THREE.MeshPhysicalMaterial({color:"#ffffff"});
var mesh = new THREE.Mesh(sphere_geom, mat);
mesh.scale.x = 0.15;
mesh.scale.y = 0.15;
mesh.scale.z = 0.15;
mesh.position.x = -6.024548532932464;
mesh.position.y = -2.296113881038251;
mesh.position.z = 3.068571634101337;
structureRoot.add(mesh);
//             H10D             //
var mat = new THREE.MeshPhysicalMaterial({color:"#ffffff"});
var mesh = new THREE.Mesh(sphere_geom, mat);
mesh.scale.x = 0.15;
mesh.scale.y = 0.15;
mesh.scale.z = 0.15;
mesh.position.x = -5.555769809098313;
mesh.position.y = -1.915165571038251;
mesh.position.z = 3.767708777379484;
structureRoot.add(mesh);
//             H10E             //
var mat = new THREE.MeshPhysicalMaterial({color:"#ffffff"});
var mesh = new THREE.Mesh(sphere_geom, mat);
mesh.scale.x = 0.15;
mesh.scale.y = 0.15;
mesh.scale.z = 0.15;
mesh.position.x = -6.691566320627741;
mesh.position.y = -1.8175904860382515;
mesh.position.z = 2.6445354730845363;
structureRoot.add(mesh);
//             H10F             //
var mat = new THREE.MeshPhysicalMaterial({color:"#ffffff"});
var mesh = new THREE.Mesh(sphere_geom, mat);
mesh.scale.x = 0.15;
mesh.scale.y = 0.15;
mesh.scale.z = 0.15;
mesh.position.x = -6.421010854086049;
mesh.position.y = -0.5771620760382512;
mesh.position.z = 3.6188170516302325;
structureRoot.add(mesh);
//             C11             //
var mat = new THREE.MeshPhysicalMaterial({color:"#000000"});
var mesh = new THREE.Mesh(sphere_geom, mat);
mesh.scale.x = 0.23005668243031363;
mesh.scale.y = 0.14547802717471978;
mesh.scale.z = 0.1305799024190222;
var m = new THREE.Matrix4();
m.set(-0.8025375967090851, 0.34953737766560206, 0.48348425774068415, 0, 
      0.5945935612051557, 0.5350420522149979, 0.6001570622219937, 0,
      -0.04890708375865356, 0.7691252329602882, -0.6372240368834232, 0,
      0,            0,            0,            1);
mesh.setRotationFromMatrix(m);
mesh.position.x = -6.24807840326384;
mesh.position.y = -0.013546961038251926;
mesh.position.z = -2.203407796295169;
structureRoot.add(mesh);

var mat = new THREE.MeshPhysicalMaterial({color: "#ffffff"});
var mesh = new THREE.Mesh(marker_geom, mat);
mesh.scale.x = 0.23805668243031364;
mesh.scale.y = 0.15347802717471978;
mesh.scale.z = 0.1385799024190222;
mesh.setRotationFromMatrix(m);
mesh.position.x = -6.24807840326384;
mesh.position.y = -0.013546961038251926;
mesh.position.z = -2.203407796295169;
structureRoot.add(mesh);

var mat = new THREE.MeshPhysicalMaterial({color: "#ffffff"});
var mesh = new THREE.Mesh(marker_geom, mat);
mesh.scale.x = 0.23805668243031364;
mesh.scale.y = 0.1385799024190222;
mesh.scale.z = 0.15347802717471978;
var m1 = m.clone();
m1.multiply(m_ring1);
mesh.setRotationFromMatrix(m1); 
mesh.position.x = -6.24807840326384;
mesh.position.y = -0.013546961038251926;
mesh.position.z = -2.203407796295169;
structureRoot.add(mesh);

var mat = new THREE.MeshPhysicalMaterial({color: "#ffffff"});
var mesh = new THREE.Mesh(marker_geom, mat);
mesh.scale.x = 0.15347802717471978;
mesh.scale.y = 0.23805668243031364;
mesh.scale.z = 0.1385799024190222;
var m2 = m.clone()
m2.multiply(m_ring2);
mesh.setRotationFromMatrix(m2);      
mesh.position.x = -6.24807840326384;
mesh.position.y = -0.013546961038251926;
mesh.position.z = -2.203407796295169;
structureRoot.add(mesh);
//             C12             //
var mat = new THREE.MeshPhysicalMaterial({color:"#000000"});
var mesh = new THREE.Mesh(sphere_geom, mat);
mesh.scale.x = 0.18820685746439403;
mesh.scale.y = 0.15760876273149718;
mesh.scale.z = 0.14687116978140444;
var m = new THREE.Matrix4();
m.set(0.6831693336149253, -0.08192273417624181, -0.7256502788762836, 0, 
      0.5633791657093935, 0.6913662704453051, 0.4523456595736686, 0,
      0.46463273372926, -0.7178449315246579, 0.5184737958967974, 0,
      0,            0,            0,            1);
mesh.setRotationFromMatrix(m);
mesh.position.x = -7.325130716318423;
mesh.position.y = -0.8101485110382516;
mesh.position.z = -1.7195585722420788;
structureRoot.add(mesh);

var mat = new THREE.MeshPhysicalMaterial({color: "#ffffff"});
var mesh = new THREE.Mesh(marker_geom, mat);
mesh.scale.x = 0.19620685746439404;
mesh.scale.y = 0.1656087627314972;
mesh.scale.z = 0.15487116978140444;
mesh.setRotationFromMatrix(m);
mesh.position.x = -7.325130716318423;
mesh.position.y = -0.8101485110382516;
mesh.position.z = -1.7195585722420788;
structureRoot.add(mesh);

var mat = new THREE.MeshPhysicalMaterial({color: "#ffffff"});
var mesh = new THREE.Mesh(marker_geom, mat);
mesh.scale.x = 0.19620685746439404;
mesh.scale.y = 0.15487116978140444;
mesh.scale.z = 0.1656087627314972;
var m1 = m.clone();
m1.multiply(m_ring1);
mesh.setRotationFromMatrix(m1); 
mesh.position.x = -7.325130716318423;
mesh.position.y = -0.8101485110382516;
mesh.position.z = -1.7195585722420788;
structureRoot.add(mesh);

var mat = new THREE.MeshPhysicalMaterial({color: "#ffffff"});
var mesh = new THREE.Mesh(marker_geom, mat);
mesh.scale.x = 0.1656087627314972;
mesh.scale.y = 0.19620685746439404;
mesh.scale.z = 0.15487116978140444;
var m2 = m.clone()
m2.multiply(m_ring2);
mesh.setRotationFromMatrix(m2);      
mesh.position.x = -7.325130716318423;
mesh.position.y = -0.8101485110382516;
mesh.position.z = -1.7195585722420788;
structureRoot.add(mesh);
//             C13             //
var mat = new THREE.MeshPhysicalMaterial({color:"#000000"});
var mesh = new THREE.Mesh(sphere_geom, mat);
mesh.scale.x = 0.17135403925451603;
mesh.scale.y = 0.1364403850847124;
mesh.scale.z = 0.14311415383830892;
var m = new THREE.Matrix4();
m.set(0.5683189755981806, -0.40678933338679507, -0.7152174356220363, 0, 
      -0.7452194812372106, -0.6229598468598306, -0.237842288050126, 0,
      -0.3488000383594822, 0.668164251844638, -0.6571872380055161, 0,
      0,            0,            0,            1);
mesh.setRotationFromMatrix(m);
mesh.position.x = -6.991989731931909;
mesh.position.y = -2.168123711038252;
mesh.position.z = -1.9335646277841967;
structureRoot.add(mesh);

var mat = new THREE.MeshPhysicalMaterial({color: "#ffffff"});
var mesh = new THREE.Mesh(marker_geom, mat);
mesh.scale.x = 0.17935403925451604;
mesh.scale.y = 0.1444403850847124;
mesh.scale.z = 0.15111415383830892;
mesh.setRotationFromMatrix(m);
mesh.position.x = -6.991989731931909;
mesh.position.y = -2.168123711038252;
mesh.position.z = -1.9335646277841967;
structureRoot.add(mesh);

var mat = new THREE.MeshPhysicalMaterial({color: "#ffffff"});
var mesh = new THREE.Mesh(marker_geom, mat);
mesh.scale.x = 0.17935403925451604;
mesh.scale.y = 0.15111415383830892;
mesh.scale.z = 0.1444403850847124;
var m1 = m.clone();
m1.multiply(m_ring1);
mesh.setRotationFromMatrix(m1); 
mesh.position.x = -6.991989731931909;
mesh.position.y = -2.168123711038252;
mesh.position.z = -1.9335646277841967;
structureRoot.add(mesh);

var mat = new THREE.MeshPhysicalMaterial({color: "#ffffff"});
var mesh = new THREE.Mesh(marker_geom, mat);
mesh.scale.x = 0.1444403850847124;
mesh.scale.y = 0.17935403925451604;
mesh.scale.z = 0.15111415383830892;
var m2 = m.clone()
m2.multiply(m_ring2);
mesh.setRotationFromMatrix(m2);      
mesh.position.x = -6.991989731931909;
mesh.position.y = -2.168123711038252;
mesh.position.z = -1.9335646277841967;
structureRoot.add(mesh);
//             C14             //
var mat = new THREE.MeshPhysicalMaterial({color:"#000000"});
var mesh = new THREE.Mesh(sphere_geom, mat);
mesh.scale.x = 0.17886802226831466;
mesh.scale.y = 0.14774987462185454;
mesh.scale.z = 0.15680842440378015;
var m = new THREE.Matrix4();
m.set(0.4268858491841948, -0.8839338663410581, -0.19086485192836677, 0, 
      -0.6619279395757873, -0.16162643116683442, -0.7319346279260364, 0,
      0.616133000719198, 0.43879131336390514, -0.6540965591876602, 0,
      0,            0,            0,            1);
mesh.setRotationFromMatrix(m);
mesh.position.x = -5.716699346590104;
mesh.position.y = -2.2237825610382522;
mesh.position.z = -2.531477993116079;
structureRoot.add(mesh);

var mat = new THREE.MeshPhysicalMaterial({color: "#ffffff"});
var mesh = new THREE.Mesh(marker_geom, mat);
mesh.scale.x = 0.18686802226831467;
mesh.scale.y = 0.15574987462185455;
mesh.scale.z = 0.16480842440378016;
mesh.setRotationFromMatrix(m);
mesh.position.x = -5.716699346590104;
mesh.position.y = -2.2237825610382522;
mesh.position.z = -2.531477993116079;
structureRoot.add(mesh);

var mat = new THREE.MeshPhysicalMaterial({color: "#ffffff"});
var mesh = new THREE.Mesh(marker_geom, mat);
mesh.scale.x = 0.18686802226831467;
mesh.scale.y = 0.16480842440378016;
mesh.scale.z = 0.15574987462185455;
var m1 = m.clone();
m1.multiply(m_ring1);
mesh.setRotationFromMatrix(m1); 
mesh.position.x = -5.716699346590104;
mesh.position.y = -2.2237825610382522;
mesh.position.z = -2.531477993116079;
structureRoot.add(mesh);

var mat = new THREE.MeshPhysicalMaterial({color: "#ffffff"});
var mesh = new THREE.Mesh(marker_geom, mat);
mesh.scale.x = 0.15574987462185455;
mesh.scale.y = 0.18686802226831467;
mesh.scale.z = 0.16480842440378016;
var m2 = m.clone()
m2.multiply(m_ring2);
mesh.setRotationFromMatrix(m2);      
mesh.position.x = -5.716699346590104;
mesh.position.y = -2.2237825610382522;
mesh.position.z = -2.531477993116079;
structureRoot.add(mesh);
//             C15             //
var mat = new THREE.MeshPhysicalMaterial({color:"#000000"});
var mesh = new THREE.Mesh(sphere_geom, mat);
mesh.scale.x = 0.22491220897381806;
mesh.scale.y = 0.14921592106712173;
mesh.scale.z = 0.13535771854383735;
var m = new THREE.Matrix4();
m.set(0.6086908496862967, -0.7455880813247011, -0.2712818875168873, 0, 
      -0.7092752167049531, -0.35811982341955173, -0.6071893107113228, 0,
      0.35556169151965283, 0.5620040970139808, -0.7468114075609609, 0,
      0,            0,            0,            1);
mesh.setRotationFromMatrix(m);
mesh.position.x = -5.239715962566709;
mesh.position.y = -0.8993873610382526;
mesh.position.z = -2.69507856146452;
structureRoot.add(mesh);

var mat = new THREE.MeshPhysicalMaterial({color: "#ffffff"});
var mesh = new THREE.Mesh(marker_geom, mat);
mesh.scale.x = 0.23291220897381806;
mesh.scale.y = 0.15721592106712173;
mesh.scale.z = 0.14335771854383736;
mesh.setRotationFromMatrix(m);
mesh.position.x = -5.239715962566709;
mesh.position.y = -0.8993873610382526;
mesh.position.z = -2.69507856146452;
structureRoot.add(mesh);

var mat = new THREE.MeshPhysicalMaterial({color: "#ffffff"});
