<!DOCTYPE html>
<head>
    <meta charset="UTF-8">
</head>
<meta name="viewport" content="width=device-width, user-scalable=no, minimum-scale=1.0, maximum-scale=1.0">
<!-- three.js library -->
<script src='js/three.min.js'></script>
<!-- ar.js -->
<script src="js/ar-nft.js"></script>
<script>THREEx.ArToolkitContext.baseURL = '.'</script>

<body style='position: absolute; top: 0; left: 0; width: 100%; height: 100%; margin : 0px; overflow: hidden;'>
    <style>
        .arjs-loader {
            margin: 0 auto;
            width: 100%;
            height: 100%;
            position: absolute;
            top: 0;
            left: 0;
            display: flex;
            justify-content: center;
            align-items: center;
        }

        .arjs-loader-spinner {
            z-index: 10;
            -webkit-transform: spin 1s linear infinite;
            animation: spin 1s linear infinite;
            border: 3px solid #ddd;
            border-top: 3px solid #42a5f5;
            border-radius: 50%;
            height: 75px;
            width: 75px;
        }

        @-webkit-keyframes spin {
            to {
                border-top-color: #42a5f5;
                -webkit-transform: rotate(360deg);
                transform: rotate(360deg);
            }
        }

        @keyframes spin {
            to {
                border-top-color: #42a5f5;
                -webkit-transform: rotate(360deg);
                transform: rotate(360deg);
            }
        }
    </style>
    <div class="arjs-loader">
        <div class="arjs-loader-spinner"></div>
    </div>
    <script>
	//////////////////////////////////////////////////////////////////////////////////
	//		Init
	//////////////////////////////////////////////////////////////////////////////////

	// init renderer
	var renderer	= new THREE.WebGLRenderer({
		antialias: true,
		alpha: true,
        precision: 'mediump',
	});
	renderer.setClearColor(new THREE.Color('lightgrey'), 0)
	renderer.setSize( window.innerWidth, window.innerHeight );
	renderer.domElement.style.position = 'absolute'
	renderer.domElement.style.top = '0px'
	renderer.domElement.style.left = '0px'
	document.body.appendChild( renderer.domElement );

	// array of functions for the rendering loop
	var onRenderFcts= [];

	// init scene and camera
    var scene	= new THREE.Scene();

	//////////////////////////////////////////////////////////////////////////////////
	//		Initialize a basic camera
	//////////////////////////////////////////////////////////////////////////////////

	// Create a camera
	var camera = new THREE.Camera();
	scene.add(camera);

	////////////////////////////////////////////////////////////////////////////////
	//          handle arToolkitSource
	////////////////////////////////////////////////////////////////////////////////

	var arToolkitSource = new THREEx.ArToolkitSource({
		// to read from the webcam
		sourceType : 'webcam',

		// // to read from an image
		// sourceType : 'image',
		// sourceUrl : THREEx.ArToolkitContext.baseURL + '../data/images/img.jpg',

		// to read from a video
		// sourceType : 'video',
		// sourceUrl : THREEx.ArToolkitContext.baseURL + '../data/videos/headtracking.mp4',
	})

	arToolkitSource.init(function onReady(){
        setTimeout(() => {
            onResize()
        }, 2000);
	})

	// handle resize
	window.addEventListener('resize', function(){
		onResize()
    })

	function onResize(){
		arToolkitSource.onResizeElement()
		arToolkitSource.copyElementSizeTo(renderer.domElement)
		if( arToolkitContext.arController !== null ){
			arToolkitSource.copyElementSizeTo(arToolkitContext.arController.canvas)
		}
	}
	////////////////////////////////////////////////////////////////////////////////
	//          initialize arToolkitContext
	////////////////////////////////////////////////////////////////////////////////


	// create atToolkitContext
	var arToolkitContext = new THREEx.ArToolkitContext({
		// debug - true if one should display artoolkit debug canvas, false otherwise
		debug: false,
		// the mode of detection - ['color', 'color_and_matrix', 'mono', 'mono_and_matrix']
		detectionMode: "color",
		// Pattern ratio for custom markers
		// patternRatio: 0.5
		// Labeling mode for markers - ['black_region', 'white_region']
		// black_region: Black bordered markers on a white background, white_region: White bordered markers on a black background
		// labelingMode: 'black_region',
		// url of the camera parameters
		cameraParametersUrl: THREEx.ArToolkitContext.baseURL + './js/camera_para.dat',
		// tune the maximum rate of pose detection in the source image
		maxDetectionRate: 60,
		// resolution of at which we detect pose in the source image
		canvasWidth: 640,
		canvasHeight: 480,
		// enable image smoothing or not for canvas copy - default to true
		// https://developer.mozilla.org/en-US/docs/Web/API/CanvasRenderingContext2D/imageSmoothingEnabled
		imageSmoothingEnabled : true,
	}, {
            sourceWidth: 480,
            sourceHeight: 640,
    })
	// initialize it
	arToolkitContext.init(function onCompleted(){
		// copy projection matrix to camera
		camera.projectionMatrix.copy( arToolkitContext.getProjectionMatrix() );
	})

	// update artoolkit on every frame
	onRenderFcts.push(function(){
		if( arToolkitSource.ready === false )	return

		arToolkitContext.update( arToolkitSource.domElement )
	})
    
	var sphere_geom = new THREE.SphereBufferGeometry(1, 12, 12);
	var marker_geom = new THREE.CylinderBufferGeometry(1, 1, 0.2, 12, 1, true);

	bond_mat = new THREE.MeshPhysicalMaterial({color: "#aaaaaa"})


	////////////////////////////////////////////////////////////////////////////////
	//          Entries for ylid.cif
	////////////////////////////////////////////////////////////////////////////////
	var markerRoot0 = new THREE.Group
	scene.add(markerRoot0)
	// init controls for camera
	var markerControls0 = new THREEx.ArMarkerControls(arToolkitContext, markerRoot0, {
		// size of the marker in meter
		size: 20,
		type: 'nft',
		descriptorsUrl: 'img/sad5_1',
		// change matrix mode - [modelViewMatrix, cameraTransformMatrix]
		changeMatrixMode: "modelViewMatrix",
		//changeMatrixMode: "cameraTransformMatrix",
		// turn on/off camera smoothing
		smooth: true,
		// number of matrices to smooth tracking over, more = smoother but slower follow
		smoothCount: 5,
		// distance tolerance for smoothing, if smoothThreshold # of matrices are under tolerance, tracking will stay still
		smoothTolerance: 0.01,
		// threshold for smoothing, will keep still unless enough matrices are over tolerance
		smoothThreshold: 2
	})

    //S001
        mat = new THREE.MeshPhysicalMaterial({color:"#ffff30"});
        mesh = new THREE.Mesh(sphere_geom, mat);
        mesh.scale.x = 0.0018133059452995796;
        mesh.scale.y = 0.0013821496766950997;
        mesh.scale.z = 0.0014224135544745173;
        m = new THREE.Matrix4();
        m.set(-0.6657821734232129, 0.7025697438925991, -0.2512565472152896, 0, 
              0.3238451829562796, 0.5754578331774484, 0.7509810781309546, 0,
              0.6722041319628109, 0.41862159189583564, -0.6106533941367389, 0,
              0,            0,            0,            1);
        mesh.setRotationFromMatrix(m);
        mesh.position.x = -0.01892213272063622;
        mesh.position.y = 0.112620855391933;
        mesh.position.z = -0.024467318210946266;
        markerRoot0.add(mesh);

        mat = new THREE.MeshPhysicalMaterial({color: "#000000"});
        mesh = new THREE.Mesh(marker_geom, mat);
        mesh.scale.x = 0.00981330594529958;
        mesh.scale.y = 0.0093821496766951;
        mesh.scale.z = 0.009422413554474518;
        mesh.setRotationFromMatrix(m);
        mesh.position.x = -0.01892213272063622;
        mesh.position.y = 0.112620855391933;
        mesh.position.z = -0.024467318210946266;
        markerRoot0.add(mesh);

        mat = new THREE.MeshPhysicalMaterial({color: "#000000"});
        mesh = new THREE.Mesh(marker_geom, mat);
        mesh.scale.x = 0.00981330594529958;
        mesh.scale.y = 0.009422413554474518;
        mesh.scale.z = 0.0093821496766951;
        m = new THREE.Matrix4();
        m.set(-0.6657821734232129, 0.2512565472152896, 0.7025697438925991, 0, 
              0.3238451829562796, -0.7509810781309546, 0.5754578331774484, 0,
              0.6722041319628109, 0.6106533941367389, 0.41862159189583564, 0,
              0,            0,            0,            1);
        mesh.setRotationFromMatrix(m);    
        mesh.position.x = -0.01892213272063622;
        mesh.position.y = 0.112620855391933;
        mesh.position.z = -0.024467318210946266;
        markerRoot0.add(mesh);

        mat = new THREE.MeshPhysicalMaterial({color: "#000000"});
        mesh = new THREE.Mesh(marker_geom, mat);
        mesh.scale.x = 0.0093821496766951;
        mesh.scale.y = 0.00981330594529958;
        mesh.scale.z = 0.009422413554474518;
        m = new THREE.Matrix4();
        m.set(-0.7025697438925991, -0.6657821734232129, -0.2512565472152896, 0, 
              -0.5754578331774484, 0.3238451829562796, 0.7509810781309546, 0,
              -0.41862159189583564, 0.6722041319628109, -0.6106533941367389, 0,
              0,            0,            0,            1);
        mesh.setRotationFromMatrix(m);   
        mesh.position.x = -0.01892213272063622;
        mesh.position.y = 0.112620855391933;
        mesh.position.z = -0.024467318210946266;
        markerRoot0.add(mesh);
        
    //O002
        mat = new THREE.MeshPhysicalMaterial({color:"#ff0d0d"});
        mesh = new THREE.Mesh(sphere_geom, mat);
        mesh.scale.x = 0.002340429786220615;
        mesh.scale.y = 0.0014638532801832518;
        mesh.scale.z = 0.0018293819967049156;
        m = new THREE.Matrix4();
        m.set(0.7228652038851128, -0.529749259692094, -0.44365709604131515, 0, 
              -0.49351597692164817, -0.8452040323184621, 0.2051149050549066, 0,
              -0.48364023564546993, 0.07068143750866084, -0.8724083085668681, 0,
              0,            0,            0,            1);
        mesh.setRotationFromMatrix(m);
        mesh.position.x = 0.013030938164073039;
        mesh.position.y = 0.114707727728027;
        mesh.position.z = -0.025467596760010872;
        markerRoot0.add(mesh);

        mat = new THREE.MeshPhysicalMaterial({color: "#ffffff"});
        mesh = new THREE.Mesh(marker_geom, mat);
        mesh.scale.x = 0.010340429786220615;
        mesh.scale.y = 0.009463853280183253;
        mesh.scale.z = 0.009829381996704916;
        mesh.setRotationFromMatrix(m);
        mesh.position.x = 0.013030938164073039;
        mesh.position.y = 0.114707727728027;
        mesh.position.z = -0.025467596760010872;
        markerRoot0.add(mesh);

        mat = new THREE.MeshPhysicalMaterial({color: "#ffffff"});
        mesh = new THREE.Mesh(marker_geom, mat);
        mesh.scale.x = 0.010340429786220615;
        mesh.scale.y = 0.009829381996704916;
        mesh.scale.z = 0.009463853280183253;
        m = new THREE.Matrix4();
        m.set(0.7228652038851128, 0.44365709604131515, -0.529749259692094, 0, 
              -0.49351597692164817, -0.2051149050549066, -0.8452040323184621, 0,
              -0.48364023564546993, 0.8724083085668681, 0.07068143750866084, 0,
              0,            0,            0,            1);
        mesh.setRotationFromMatrix(m);    
        mesh.position.x = 0.013030938164073039;
        mesh.position.y = 0.114707727728027;
        mesh.position.z = -0.025467596760010872;
        markerRoot0.add(mesh);

        mat = new THREE.MeshPhysicalMaterial({color: "#ffffff"});
        mesh = new THREE.Mesh(marker_geom, mat);
        mesh.scale.x = 0.009463853280183253;
        mesh.scale.y = 0.010340429786220615;
        mesh.scale.z = 0.009829381996704916;
        m = new THREE.Matrix4();
        m.set(0.529749259692094, 0.7228652038851128, -0.44365709604131515, 0, 
              0.8452040323184621, -0.49351597692164817, 0.2051149050549066, 0,
              -0.07068143750866084, -0.48364023564546993, -0.8724083085668681, 0,
              0,            0,            0,            1);
        mesh.setRotationFromMatrix(m);   
        mesh.position.x = 0.013030938164073039;
        mesh.position.y = 0.114707727728027;
        mesh.position.z = -0.025467596760010872;
        markerRoot0.add(mesh);
        
    //O003
        mat = new THREE.MeshPhysicalMaterial({color:"#ff0d0d"});
        mesh = new THREE.Mesh(sphere_geom, mat);
        mesh.scale.x = 0.0014659139190988386;
        mesh.scale.y = 0.0018514155163586617;
        mesh.scale.z = 0.002208577906160132;
        m = new THREE.Matrix4();
        m.set(-0.6932476868125776, -0.6800572353210522, 0.23859966767893395, 0, 
              -0.6497813969306404, 0.4465728247172522, -0.615107184502766, 0,
              0.3117559637470881, -0.581459258169944, -0.7514741180882962, 0,
              0,            0,            0,            1);
        mesh.setRotationFromMatrix(m);
        mesh.position.x = -0.0206651795476957;
        mesh.position.y = 0.11424450688455913;
        mesh.position.z = 0.007905148248823827;
        markerRoot0.add(mesh);

        mat = new THREE.MeshPhysicalMaterial({color: "#ffffff"});
        mesh = new THREE.Mesh(marker_geom, mat);
        mesh.scale.x = 0.009465913919098838;
        mesh.scale.y = 0.009851415516358661;
        mesh.scale.z = 0.010208577906160133;
        mesh.setRotationFromMatrix(m);
        mesh.position.x = -0.0206651795476957;
        mesh.position.y = 0.11424450688455913;
        mesh.position.z = 0.007905148248823827;
        markerRoot0.add(mesh);

        mat = new THREE.MeshPhysicalMaterial({color: "#ffffff"});
        mesh = new THREE.Mesh(marker_geom, mat);
        mesh.scale.x = 0.009465913919098838;
        mesh.scale.y = 0.010208577906160133;
        mesh.scale.z = 0.009851415516358661;
        m = new THREE.Matrix4();
        m.set(-0.6932476868125776, -0.23859966767893395, -0.6800572353210522, 0, 
              -0.6497813969306404, 0.615107184502766, 0.4465728247172522, 0,
              0.3117559637470881, 0.7514741180882962, -0.581459258169944, 0,
              0,            0,            0,            1);
        mesh.setRotationFromMatrix(m);    
        mesh.position.x = -0.0206651795476957;
        mesh.position.y = 0.11424450688455913;
        mesh.position.z = 0.007905148248823827;
        markerRoot0.add(mesh);

        mat = new THREE.MeshPhysicalMaterial({color: "#ffffff"});
        mesh = new THREE.Mesh(marker_geom, mat);
        mesh.scale.x = 0.009851415516358661;
        mesh.scale.y = 0.009465913919098838;
        mesh.scale.z = 0.010208577906160133;
        m = new THREE.Matrix4();
        m.set(0.6800572353210522, -0.6932476868125776, 0.23859966767893395, 0, 
              -0.4465728247172522, -0.6497813969306404, -0.615107184502766, 0,
              0.581459258169944, 0.3117559637470881, -0.7514741180882962, 0,
              0,            0,            0,            1);
        mesh.setRotationFromMatrix(m);   
        mesh.position.x = -0.0206651795476957;
        mesh.position.y = 0.11424450688455913;
        mesh.position.z = 0.007905148248823827;
        markerRoot0.add(mesh);
        
    //C004
        mat = new THREE.MeshPhysicalMaterial({color:"#000000"});
        mesh = new THREE.Mesh(sphere_geom, mat);
        mesh.scale.x = 0.0017397186216867118;
        mesh.scale.y = 0.0015246707560475268;
        mesh.scale.z = 0.0014539216976886872;
        m = new THREE.Matrix4();
        m.set(-0.9428237333018082, 0.32282468458111113, 0.08287117078904535, 0, 
              0.15849177101923947, 0.21553310115347382, 0.9635485669266245, 0,
              0.2931957817602871, 0.9215908557121607, -0.25437477906762074, 0,
              0,            0,            0,            1);
        mesh.setRotationFromMatrix(m);
        mesh.position.x = 0.006980745022122404;
        mesh.position.y = 0.11404762615093565;
        mesh.position.z = -0.014771958167190248;
        markerRoot0.add(mesh);

        mat = new THREE.MeshPhysicalMaterial({color: "#ffffff"});
        mesh = new THREE.Mesh(marker_geom, mat);
        mesh.scale.x = 0.009739718621686712;
        mesh.scale.y = 0.009524670756047527;
        mesh.scale.z = 0.009453921697688687;
        mesh.setRotationFromMatrix(m);
        mesh.position.x = 0.006980745022122404;
        mesh.position.y = 0.11404762615093565;
        mesh.position.z = -0.014771958167190248;
        markerRoot0.add(mesh);

        mat = new THREE.MeshPhysicalMaterial({color: "#ffffff"});
        mesh = new THREE.Mesh(marker_geom, mat);
        mesh.scale.x = 0.009739718621686712;
        mesh.scale.y = 0.009453921697688687;
        mesh.scale.z = 0.009524670756047527;
        m = new THREE.Matrix4();
        m.set(-0.9428237333018082, -0.08287117078904535, 0.32282468458111113, 0, 
              0.15849177101923947, -0.9635485669266245, 0.21553310115347382, 0,
              0.2931957817602871, 0.25437477906762074, 0.9215908557121607, 0,
              0,            0,            0,            1);
        mesh.setRotationFromMatrix(m);    
        mesh.position.x = 0.006980745022122404;
        mesh.position.y = 0.11404762615093565;
        mesh.position.z = -0.014771958167190248;
        markerRoot0.add(mesh);

        mat = new THREE.MeshPhysicalMaterial({color: "#ffffff"});
        mesh = new THREE.Mesh(marker_geom, mat);
        mesh.scale.x = 0.009524670756047527;
        mesh.scale.y = 0.009739718621686712;
        mesh.scale.z = 0.009453921697688687;
        m = new THREE.Matrix4();
        m.set(-0.32282468458111113, -0.9428237333018082, 0.08287117078904535, 0, 
              -0.21553310115347382, 0.15849177101923947, 0.9635485669266245, 0,
              -0.9215908557121607, 0.2931957817602871, -0.25437477906762074, 0,
              0,            0,            0,            1);
        mesh.setRotationFromMatrix(m);   
        mesh.position.x = 0.006980745022122404;
        mesh.position.y = 0.11404762615093565;
        mesh.position.z = -0.014771958167190248;
        markerRoot0.add(mesh);
        
    //C005
        mat = new THREE.MeshPhysicalMaterial({color:"#000000"});
        mesh = new THREE.Mesh(sphere_geom, mat);
        mesh.scale.x = 0.0025041094284910326;
        mesh.scale.y = 0.0014987048161870448;
        mesh.scale.z = 0.0019193985110133004;
        m = new THREE.Matrix4();
        m.set(0.7842402559194603, 0.5753513733425011, 0.23224559885663598, 0, 
              0.3450661236952707, -0.09336053684464667, -0.9339235410021525, 0,
              -0.5156516181234182, 0.8125605253474827, -0.271751359469871, 0,
              0,            0,            0,            1);
        mesh.setRotationFromMatrix(m);
        mesh.position.x = 0.020344077138972134;
        mesh.position.y = 0.11202143174334914;
        mesh.position.z = 0.025467596760010872;
        markerRoot0.add(mesh);

        mat = new THREE.MeshPhysicalMaterial({color: "#ffffff"});
        mesh = new THREE.Mesh(marker_geom, mat);
        mesh.scale.x = 0.010504109428491032;
        mesh.scale.y = 0.009498704816187045;
        mesh.scale.z = 0.0099193985110133;
        mesh.setRotationFromMatrix(m);
        mesh.position.x = 0.020344077138972134;
        mesh.position.y = 0.11202143174334914;
        mesh.position.z = 0.025467596760010872;
        markerRoot0.add(mesh);

        mat = new THREE.MeshPhysicalMaterial({color: "#ffffff"});
        mesh = new THREE.Mesh(marker_geom, mat);
        mesh.scale.x = 0.010504109428491032;
        mesh.scale.y = 0.0099193985110133;
        mesh.scale.z = 0.009498704816187045;
        m = new THREE.Matrix4();
        m.set(0.7842402559194603, -0.23224559885663598, 0.5753513733425011, 0, 
              0.3450661236952707, 0.9339235410021525, -0.09336053684464667, 0,
              -0.5156516181234182, 0.271751359469871, 0.8125605253474827, 0,
              0,            0,            0,            1);
        mesh.setRotationFromMatrix(m);    
        mesh.position.x = 0.020344077138972134;
        mesh.position.y = 0.11202143174334914;
        mesh.position.z = 0.025467596760010872;
        markerRoot0.add(mesh);

        mat = new THREE.MeshPhysicalMaterial({color: "#ffffff"});
        mesh = new THREE.Mesh(marker_geom, mat);
        mesh.scale.x = 0.009498704816187045;
        mesh.scale.y = 0.010504109428491032;
        mesh.scale.z = 0.0099193985110133;
        m = new THREE.Matrix4();
        m.set(-0.5753513733425011, 0.7842402559194603, 0.23224559885663598, 0, 
              0.09336053684464667, 0.3450661236952707, -0.9339235410021525, 0,
              -0.8125605253474827, -0.5156516181234182, -0.271751359469871, 0,
              0,            0,            0,            1);
        mesh.setRotationFromMatrix(m);   
        mesh.position.x = 0.020344077138972134;
        mesh.position.y = 0.11202143174334914;
        mesh.position.z = 0.025467596760010872;
        markerRoot0.add(mesh);
        
    //C006
        mat = new THREE.MeshPhysicalMaterial({color:"#000000"});
        mesh = new THREE.Mesh(sphere_geom, mat);
        mesh.scale.x = 0.00148920985471035;
        mesh.scale.y = 0.001540821427741218;
        mesh.scale.z = 0.00161877615390365;
        m = new THREE.Matrix4();
        m.set(0.8923455814434856, -0.4513513707694786, 0.001141657917496271, 0, 
              -0.3368325188734274, -0.6676151593786094, -0.6639532010595746, 0,
              0.30043837555756714, 0.5920911577387277, -0.7477732566894479, 0,
              0,            0,            0,            1);
        mesh.setRotationFromMatrix(m);
        mesh.position.x = -0.009823338655764386;
        mesh.position.y = 0.11404762615093565;
        mesh.position.z = 0.001974567623848512;
        markerRoot0.add(mesh);

        mat = new THREE.MeshPhysicalMaterial({color: "#ffffff"});
        mesh = new THREE.Mesh(marker_geom, mat);
        mesh.scale.x = 0.00948920985471035;
        mesh.scale.y = 0.009540821427741219;
        mesh.scale.z = 0.00961877615390365;
        mesh.setRotationFromMatrix(m);
        mesh.position.x = -0.009823338655764386;
        mesh.position.y = 0.11404762615093565;
        mesh.position.z = 0.001974567623848512;
        markerRoot0.add(mesh);

        mat = new THREE.MeshPhysicalMaterial({color: "#ffffff"});
        mesh = new THREE.Mesh(marker_geom, mat);
        mesh.scale.x = 0.00948920985471035;
        mesh.scale.y = 0.00961877615390365;
        mesh.scale.z = 0.009540821427741219;
        m = new THREE.Matrix4();
        m.set(0.8923455814434856, -0.001141657917496271, -0.4513513707694786, 0, 
              -0.3368325188734274, 0.6639532010595746, -0.6676151593786094, 0,
              0.30043837555756714, 0.7477732566894479, 0.5920911577387277, 0,
              0,            0,            0,            1);
        mesh.setRotationFromMatrix(m);    
        mesh.position.x = -0.009823338655764386;
        mesh.position.y = 0.11404762615093565;
        mesh.position.z = 0.001974567623848512;
        markerRoot0.add(mesh);

        mat = new THREE.MeshPhysicalMaterial({color: "#ffffff"});
        mesh = new THREE.Mesh(marker_geom, mat);
        mesh.scale.x = 0.009540821427741219;
        mesh.scale.y = 0.00948920985471035;
        mesh.scale.z = 0.00961877615390365;
        m = new THREE.Matrix4();
        m.set(0.4513513707694786, 0.8923455814434856, 0.001141657917496271, 0, 
              0.6676151593786094, -0.3368325188734274, -0.6639532010595746, 0,
              -0.5920911577387277, 0.30043837555756714, -0.7477732566894479, 0,
              0,            0,            0,            1);
        mesh.setRotationFromMatrix(m);   
        mesh.position.x = -0.009823338655764386;
        mesh.position.y = 0.11404762615093565;
        mesh.position.z = 0.001974567623848512;
        markerRoot0.add(mesh);
        
    //C007
        mat = new THREE.MeshPhysicalMaterial({color:"#000000"});
        mesh = new THREE.Mesh(sphere_geom, mat);
        mesh.scale.x = 0.0015206878689232367;
        mesh.scale.y = 0.002084334264480914;
        mesh.scale.z = 0.0018870844123198408;
        m = new THREE.Matrix4();
        m.set(-0.738373461968759, 0.60515705461771, 0.2976400005151979, 0, 
              0.019670987864071777, 0.46048402458936505, -0.8874500072310735, 0,
              -0.6741050978124412, -0.6494146613254113, -0.35191322049459883, 0,
              0,            0,            0,            1);
        mesh.setRotationFromMatrix(m);
        mesh.position.x = 0.0067915014964279605;
        mesh.position.y = 0.11286387313849111;
        mesh.position.z = 0.02203827014828548;
        markerRoot0.add(mesh);

        mat = new THREE.MeshPhysicalMaterial({color: "#ffffff"});
        mesh = new THREE.Mesh(marker_geom, mat);
        mesh.scale.x = 0.009520687868923237;
        mesh.scale.y = 0.010084334264480913;
        mesh.scale.z = 0.00988708441231984;
        mesh.setRotationFromMatrix(m);
        mesh.position.x = 0.0067915014964279605;
        mesh.position.y = 0.11286387313849111;
        mesh.position.z = 0.02203827014828548;
        markerRoot0.add(mesh);

        mat = new THREE.MeshPhysicalMaterial({color: "#ffffff"});
        mesh = new THREE.Mesh(marker_geom, mat);
        mesh.scale.x = 0.009520687868923237;
        mesh.scale.y = 0.00988708441231984;
        mesh.scale.z = 0.010084334264480913;
        m = new THREE.Matrix4();
        m.set(-0.738373461968759, -0.2976400005151979, 0.60515705461771, 0, 
              0.019670987864071777, 0.8874500072310735, 0.46048402458936505, 0,
              -0.6741050978124412, 0.35191322049459883, -0.6494146613254113, 0,
              0,            0,            0,            1);
        mesh.setRotationFromMatrix(m);    
        mesh.position.x = 0.0067915014964279605;
        mesh.position.y = 0.11286387313849111;
        mesh.position.z = 0.02203827014828548;
        markerRoot0.add(mesh);

        mat = new THREE.MeshPhysicalMaterial({color: "#ffffff"});
        mesh = new THREE.Mesh(marker_geom, mat);
        mesh.scale.x = 0.010084334264480913;
        mesh.scale.y = 0.009520687868923237;
        mesh.scale.z = 0.00988708441231984;
        m = new THREE.Matrix4();
        m.set(-0.60515705461771, -0.738373461968759, 0.2976400005151979, 0, 
              -0.46048402458936505, 0.019670987864071777, -0.8874500072310735, 0,
              0.6494146613254113, -0.6741050978124412, -0.35191322049459883, 0,
              0,            0,            0,            1);
        mesh.setRotationFromMatrix(m);   
        mesh.position.x = 0.0067915014964279605;
        mesh.position.y = 0.11286387313849111;
        mesh.position.z = 0.02203827014828548;
        markerRoot0.add(mesh);
        
    //C008
        mat = new THREE.MeshPhysicalMaterial({color:"#000000"});
        mesh = new THREE.Mesh(sphere_geom, mat);
        mesh.scale.x = 0.0017652509803946477;
        mesh.scale.y = 0.0014547184595233187;
        mesh.scale.z = 0.0015839947852621988;
        m = new THREE.Matrix4();
        m.set(0.7377137308941851, 0.6593759218240128, 0.14492013306961712, 0, 
              0.47183342567649217, -0.3500350460901369, -0.8092272146455911, 0,
              -0.4828578151636029, 0.6653561904930388, -0.5693412597976917, 0,
              0,            0,            0,            1);
        mesh.setRotationFromMatrix(m);
        mesh.position.x = 0.0036287304920681685;
        mesh.position.y = 0.11349696300913907;
        mesh.position.z = 0.008604452317332948;
        markerRoot0.add(mesh);

        mat = new THREE.MeshPhysicalMaterial({color: "#ffffff"});
        mesh = new THREE.Mesh(marker_geom, mat);
        mesh.scale.x = 0.009765250980394647;
        mesh.scale.y = 0.00945471845952332;
        mesh.scale.z = 0.0095839947852622;
        mesh.setRotationFromMatrix(m);
        mesh.position.x = 0.0036287304920681685;
        mesh.position.y = 0.11349696300913907;
        mesh.position.z = 0.008604452317332948;
        markerRoot0.add(mesh);

        mat = new THREE.MeshPhysicalMaterial({color: "#ffffff"});
        mesh = new THREE.Mesh(marker_geom, mat);
        mesh.scale.x = 0.009765250980394647;
        mesh.scale.y = 0.0095839947852622;
        mesh.scale.z = 0.00945471845952332;
        m = new THREE.Matrix4();
        m.set(0.7377137308941851, -0.14492013306961712, 0.6593759218240128, 0, 
              0.47183342567649217, 0.8092272146455911, -0.3500350460901369, 0,
              -0.4828578151636029, 0.5693412597976917, 0.6653561904930388, 0,
              0,            0,            0,            1);
        mesh.setRotationFromMatrix(m);    
        mesh.position.x = 0.0036287304920681685;
        mesh.position.y = 0.11349696300913907;
        mesh.position.z = 0.008604452317332948;
        markerRoot0.add(mesh);

        mat = new THREE.MeshPhysicalMaterial({color: "#ffffff"});
        mesh = new THREE.Mesh(marker_geom, mat);
        mesh.scale.x = 0.00945471845952332;
        mesh.scale.y = 0.009765250980394647;
        mesh.scale.z = 0.0095839947852622;
        m = new THREE.Matrix4();
        m.set(-0.6593759218240128, 0.7377137308941851, 0.14492013306961712, 0, 
              0.3500350460901369, 0.47183342567649217, -0.8092272146455911, 0,
              -0.6653561904930388, -0.4828578151636029, -0.5693412597976917, 0,
              0,            0,            0,            1);
        mesh.setRotationFromMatrix(m);   
        mesh.position.x = 0.0036287304920681685;
        mesh.position.y = 0.11349696300913907;
        mesh.position.z = 0.008604452317332948;
        markerRoot0.add(mesh);
        
    //C009
        mat = new THREE.MeshPhysicalMaterial({color:"#000000"});
        mesh = new THREE.Mesh(sphere_geom, mat);
        mesh.scale.x = 0.0023770508488080958;
        mesh.scale.y = 0.001461378133379021;
        mesh.scale.z = 0.0017491120357090806;
        m = new THREE.Matrix4();
        m.set(-0.9680521869534111, 0.1894811564498362, 0.1642311014550864, 0, 
              0.04208935712225784, -0.5228809089442216, 0.851365985389773, 0,
              0.2471911190794547, 0.8310790855340406, 0.4982008673578858, 0,
              0,            0,            0,            1);
        mesh.setRotationFromMatrix(m);
        mesh.position.x = 0.026909343241677534;
        mesh.position.y = 0.1124056463066631;
        mesh.position.z = 0.0020499992813702546;
        markerRoot0.add(mesh);

        mat = new THREE.MeshPhysicalMaterial({color: "#ffffff"});
        mesh = new THREE.Mesh(marker_geom, mat);
        mesh.scale.x = 0.010377050848808096;
        mesh.scale.y = 0.00946137813337902;
        mesh.scale.z = 0.00974911203570908;
        mesh.setRotationFromMatrix(m);
        mesh.position.x = 0.026909343241677534;
        mesh.position.y = 0.1124056463066631;
        mesh.position.z = 0.0020499992813702546;
        markerRoot0.add(mesh);

        mat = new THREE.MeshPhysicalMaterial({color: "#ffffff"});
        mesh = new THREE.Mesh(marker_geom, mat);
        mesh.scale.x = 0.010377050848808096;
        mesh.scale.y = 0.00974911203570908;
        mesh.scale.z = 0.00946137813337902;
        m = new THREE.Matrix4();
        m.set(-0.9680521869534111, -0.1642311014550864, 0.1894811564498362, 0, 
              0.04208935712225784, -0.851365985389773, -0.5228809089442216, 0,
              0.2471911190794547, -0.4982008673578858, 0.8310790855340406, 0,
              0,            0,            0,            1);
        mesh.setRotationFromMatrix(m);    
        mesh.position.x = 0.026909343241677534;
        mesh.position.y = 0.1124056463066631;
        mesh.position.z = 0.0020499992813702546;
        markerRoot0.add(mesh);

        mat = new THREE.MeshPhysicalMaterial({color: "#ffffff"});
        mesh = new THREE.Mesh(marker_geom, mat);
        mesh.scale.x = 0.00946137813337902;
        mesh.scale.y = 0.010377050848808096;
        mesh.scale.z = 0.00974911203570908;
        m = new THREE.Matrix4();
        m.set(-0.1894811564498362, -0.9680521869534111, 0.1642311014550864, 0, 
              0.5228809089442216, 0.04208935712225784, 0.851365985389773, 0,
              -0.8310790855340406, 0.2471911190794547, 0.4982008673578858, 0,
              0,            0,            0,            1);
        mesh.setRotationFromMatrix(m);   
        mesh.position.x = 0.026909343241677534;
        mesh.position.y = 0.1124056463066631;
        mesh.position.z = 0.0020499992813702546;
        markerRoot0.add(mesh);
        
    //C00A
        mat = new THREE.MeshPhysicalMaterial({color:"#000000"});
        mesh = new THREE.Mesh(sphere_geom, mat);
        mesh.scale.x = 0.0018742955621142711;
        mesh.scale.y = 0.0014391180031590154;
        mesh.scale.z = 0.0015235402255347112;
        m = new THREE.Matrix4();
        m.set(-0.9570596440831721, -0.28882081737311827, -0.024887207945365655, 0, 
              -0.1096318339746266, 0.44008145420830447, -0.8912402451871572, 0,
              0.2683611347545541, -0.8502416416018612, -0.45284815583087, 0,
              0,            0,            0,            1);
        mesh.setRotationFromMatrix(m);
        mesh.position.x = 0.013504917801643734;
        mesh.position.y = 0.11333392408243913;
        mesh.position.z = -0.0012306799567865553;
        markerRoot0.add(mesh);

        mat = new THREE.MeshPhysicalMaterial({color: "#ffffff"});
        mesh = new THREE.Mesh(marker_geom, mat);
        mesh.scale.x = 0.009874295562114272;
        mesh.scale.y = 0.009439118003159016;
        mesh.scale.z = 0.009523540225534711;
        mesh.setRotationFromMatrix(m);
        mesh.position.x = 0.013504917801643734;
        mesh.position.y = 0.11333392408243913;
        mesh.position.z = -0.0012306799567865553;
        markerRoot0.add(mesh);

        mat = new THREE.MeshPhysicalMaterial({color: "#ffffff"});
        mesh = new THREE.Mesh(marker_geom, mat);
        mesh.scale.x = 0.009874295562114272;
        mesh.scale.y = 0.009523540225534711;
        mesh.scale.z = 0.009439118003159016;
        m = new THREE.Matrix4();
        m.set(-0.9570596440831721, 0.024887207945365655, -0.28882081737311827, 0, 
              -0.1096318339746266, 0.8912402451871572, 0.44008145420830447, 0,
              0.2683611347545541, 0.45284815583087, -0.8502416416018612, 0,
              0,            0,            0,            1);
        mesh.setRotationFromMatrix(m);    
        mesh.position.x = 0.013504917801643734;
        mesh.position.y = 0.11333392408243913;
        mesh.position.z = -0.0012306799567865553;
        markerRoot0.add(mesh);

        mat = new THREE.MeshPhysicalMaterial({color: "#ffffff"});
        mesh = new THREE.Mesh(marker_geom, mat);
        mesh.scale.x = 0.009439118003159016;
        mesh.scale.y = 0.009874295562114272;
        mesh.scale.z = 0.009523540225534711;
        m = new THREE.Matrix4();
        m.set(0.28882081737311827, -0.9570596440831721, -0.024887207945365655, 0, 
              -0.44008145420830447, -0.1096318339746266, -0.8912402451871572, 0,
              0.8502416416018612, 0.2683611347545541, -0.45284815583087, 0,
              0,            0,            0,            1);
        mesh.setRotationFromMatrix(m);   
        mesh.position.x = 0.013504917801643734;
        mesh.position.y = 0.11333392408243913;
        mesh.position.z = -0.0012306799567865553;
        markerRoot0.add(mesh);
        
    //C00B
        mat = new THREE.MeshPhysicalMaterial({color:"#000000"});
        mesh = new THREE.Mesh(sphere_geom, mat);
        mesh.scale.x = 0.0025982601280797385;
        mesh.scale.y = 0.0019631430026473677;
        mesh.scale.z = 0.0015831913207151372;
        m = new THREE.Matrix4();
        m.set(-0.9726862538876969, -0.20326405112068976, 0.11209450039999162, 0, 
              -0.19526609457180003, 0.977616388608623, 0.07834123457356547, 0,
              -0.12550937737314688, 0.05431318666621544, -0.9906046002041206, 0,
              0,            0,            0,            1);
        mesh.setRotationFromMatrix(m);
        mesh.position.x = -0.0295748629552295;
        mesh.position.y = 0.1270111757838245;
        mesh.position.z = -0.023187654144930736;
        markerRoot0.add(mesh);

        mat = new THREE.MeshPhysicalMaterial({color: "#ffffff"});
        mesh = new THREE.Mesh(marker_geom, mat);
        mesh.scale.x = 0.01059826012807974;
        mesh.scale.y = 0.009963143002647367;
        mesh.scale.z = 0.009583191320715138;
        mesh.setRotationFromMatrix(m);
        mesh.position.x = -0.0295748629552295;
        mesh.position.y = 0.1270111757838245;
        mesh.position.z = -0.023187654144930736;
        markerRoot0.add(mesh);

        mat = new THREE.MeshPhysicalMaterial({color: "#ffffff"});
        mesh = new THREE.Mesh(marker_geom, mat);
        mesh.scale.x = 0.01059826012807974;
        mesh.scale.y = 0.009583191320715138;
        mesh.scale.z = 0.009963143002647367;
        m = new THREE.Matrix4();
        m.set(-0.9726862538876969, -0.11209450039999162, -0.20326405112068976, 0, 
              -0.19526609457180003, -0.07834123457356547, 0.977616388608623, 0,
              -0.12550937737314688, 0.9906046002041206, 0.05431318666621544, 0,
              0,            0,            0,            1);
        mesh.setRotationFromMatrix(m);    
        mesh.position.x = -0.0295748629552295;
        mesh.position.y = 0.1270111757838245;
        mesh.position.z = -0.023187654144930736;
        markerRoot0.add(mesh);

        mat = new THREE.MeshPhysicalMaterial({color: "#ffffff"});
        mesh = new THREE.Mesh(marker_geom, mat);
        mesh.scale.x = 0.009963143002647367;
        mesh.scale.y = 0.01059826012807974;
        mesh.scale.z = 0.009583191320715138;
        m = new THREE.Matrix4();
        m.set(0.20326405112068976, -0.9726862538876969, 0.11209450039999162, 0, 
              -0.977616388608623, -0.19526609457180003, 0.07834123457356547, 0,
              -0.05431318666621544, -0.12550937737314688, -0.9906046002041206, 0,
              0,            0,            0,            1);
        mesh.setRotationFromMatrix(m);   
        mesh.position.x = -0.0295748629552295;
        mesh.position.y = 0.1270111757838245;
        mesh.position.z = -0.023187654144930736;
        markerRoot0.add(mesh);
        
    //C00C
        mat = new THREE.MeshPhysicalMaterial({color:"#000000"});
        mesh = new THREE.Mesh(sphere_geom, mat);
        mesh.scale.x = 0.0017846531746618809;
        mesh.scale.y = 0.0015170428708206093;
        mesh.scale.z = 0.001391613406899214;
        m = new THREE.Matrix4();
        m.set(0.6093134857813424, -0.7329366960984244, -0.30255722691305253, 0, 
              -0.5169916028751633, -0.656528191571665, 0.5492635216616957, 0,
              -0.6012127398862728, -0.17825412529297974, -0.778953598242203, 0,
              0,            0,            0,            1);
        mesh.setRotationFromMatrix(m);
        mesh.position.x = -0.007190575481112983;
        mesh.position.y = 0.11404762615093565;
        mesh.position.z = -0.012125980908024364;
        markerRoot0.add(mesh);

        mat = new THREE.MeshPhysicalMaterial({color: "#ffffff"});
        mesh = new THREE.Mesh(marker_geom, mat);
        mesh.scale.x = 0.009784653174661881;
        mesh.scale.y = 0.00951704287082061;
        mesh.scale.z = 0.009391613406899214;
        mesh.setRotationFromMatrix(m);
        mesh.position.x = -0.007190575481112983;
        mesh.position.y = 0.11404762615093565;
        mesh.position.z = -0.012125980908024364;
        markerRoot0.add(mesh);

        mat = new THREE.MeshPhysicalMaterial({color: "#ffffff"});
        mesh = new THREE.Mesh(marker_geom, mat);
        mesh.scale.x = 0.009784653174661881;
        mesh.scale.y = 0.009391613406899214;
        mesh.scale.z = 0.00951704287082061;
        m = new THREE.Matrix4();
        m.set(0.6093134857813424, 0.30255722691305253, -0.7329366960984244, 0, 
              -0.5169916028751633, -0.5492635216616957, -0.656528191571665, 0,
