<!DOCTYPE html>
<head>
    <meta charset="UTF-8">
</head>
<meta name="viewport" content="width=device-width, user-scalable=no, minimum-scale=1.0, maximum-scale=1.0">
<!-- three.js library -->
<script src='js/three.min.js'></script>
<!-- ar.js -->
<script src="js/ar.js"></script>
<script>THREEx.ArToolkitContext.baseURL = '.'</script>

<body style='margin : 0px; overflow: hidden; font-family: Monospace;'><div style='position: absolute; top: 10px; width:100%; text-align: center; z-index: 1;'>
<script>
	//////////////////////////////////////////////////////////////////////////////////
	//		Init
	//////////////////////////////////////////////////////////////////////////////////

	// init renderer
	var renderer	= new THREE.WebGLRenderer({
		antialias: true,
		alpha: true
	});
	renderer.setClearColor(new THREE.Color('lightgrey'), 0)
	renderer.setSize( 1024, 768 );
	renderer.domElement.style.position = 'absolute'
	renderer.domElement.style.top = '0px'
	renderer.domElement.style.left = '0px'
	document.body.appendChild( renderer.domElement );

	// array of functions for the rendering loop
	var onRenderFcts= [];

	// init scene and camera
    var scene	= new THREE.Scene();

	//////////////////////////////////////////////////////////////////////////////////
	//		Initialize a basic camera
	//////////////////////////////////////////////////////////////////////////////////

	// Create a camera
	var camera = new THREE.Camera();
	scene.add(camera);

	////////////////////////////////////////////////////////////////////////////////
	//          handle arToolkitSource
	////////////////////////////////////////////////////////////////////////////////

	var arToolkitSource = new THREEx.ArToolkitSource({
		// to read from the webcam
		sourceType : 'webcam',

		// // to read from an image
		// sourceType : 'image',
		// sourceUrl : THREEx.ArToolkitContext.baseURL + '../data/images/img.jpg',

		// to read from a video
		// sourceType : 'video',
		// sourceUrl : THREEx.ArToolkitContext.baseURL + '../data/videos/headtracking.mp4',
	})

	arToolkitSource.init(function onReady(){
        setTimeout(() => {
            onResize()
        }, 2000);
	})

	// handle resize
	window.addEventListener('resize', function(){
		onResize()
    })

	function onResize(){
		arToolkitSource.onResizeElement()
		arToolkitSource.copyElementSizeTo(renderer.domElement)
		if( arToolkitContext.arController !== null ){
			arToolkitSource.copyElementSizeTo(arToolkitContext.arController.canvas)
		}
	}
	////////////////////////////////////////////////////////////////////////////////
	//          initialize arToolkitContext
	////////////////////////////////////////////////////////////////////////////////


	// create atToolkitContext
	var arToolkitContext = new THREEx.ArToolkitContext({
		// debug - true if one should display artoolkit debug canvas, false otherwise
		debug: false,
		// the mode of detection - ['color', 'color_and_matrix', 'mono', 'mono_and_matrix']
		detectionMode: "mono_and_matrix",
		// type of matrix code - valid iif detectionMode end with 'matrix' - [3x3, 3x3_HAMMING63, 3x3_PARITY65, 4x4, 4x4_BCH_13_9_3, 4x4_BCH_13_5_5]
		matrixCodeType: "4x4_BCH_13_5_5",
		// Pattern ratio for custom markers
		// patternRatio: 0.5
		// Labeling mode for markers - ['black_region', 'white_region']
		// black_region: Black bordered markers on a white background, white_region: White bordered markers on a black background
		// labelingMode: 'black_region',
		// url of the camera parameters
		cameraParametersUrl: THREEx.ArToolkitContext.baseURL + './js/camera_para.dat',
		// tune the maximum rate of pose detection in the source image
		maxDetectionRate: 60,
		// resolution of at which we detect pose in the source image
		canvasWidth: 640,
		canvasHeight: 480,
		// enable image smoothing or not for canvas copy - default to true
		// https://developer.mozilla.org/en-US/docs/Web/API/CanvasRenderingContext2D/imageSmoothingEnabled
		imageSmoothingEnabled : true,
	})
	// initialize it
	arToolkitContext.init(function onCompleted(){
		// copy projection matrix to camera
		camera.projectionMatrix.copy( arToolkitContext.getProjectionMatrix() );
	})

	// update artoolkit on every frame
	onRenderFcts.push(function(){
		if( arToolkitSource.ready === false )	return

		arToolkitContext.update( arToolkitSource.domElement )

		// update scene.visible if the marker is seen
		scene.visible = camera.visible
	})
    
	var sphere_geom = new THREE.SphereBufferGeometry(1, 12, 12);
	var marker_geom = new THREE.CylinderBufferGeometry(1, 1, 0.2, 12, 1, true);

	bond_mat = new THREE.MeshPhysicalMaterial({color: "#aaaaaa"})


	////////////////////////////////////////////////////////////////////////////////
	//          Entries for ylid.cif
	////////////////////////////////////////////////////////////////////////////////
	var markerRoot0 = new THREE.Group
	scene.add(markerRoot0)
	// init controls for camera
	var markerControls = new THREEx.ArMarkerControls(arToolkitContext, markerRoot0, {
		// size of the marker in meter
		size: 5,
		// type of marker - ['pattern', 'barcode', 'unknown' ]
		type: 'barcode',
		// url of the pattern - IIF type='pattern'
		// patternUrl: null,
		// value of the barcode - IIF type='barcode'
		barcodeValue: 0,
		// change matrix mode - [modelViewMatrix, cameraTransformMatrix]
		changeMatrixMode: "modelViewMatrix",
		//changeMatrixMode: "cameraTransformMatrix",
		// turn on/off camera smoothing
		smooth: true,
		// number of matrices to smooth tracking over, more = smoother but slower follow
		smoothCount: 5,
		// distance tolerance for smoothing, if smoothThreshold # of matrices are under tolerance, tracking will stay still
		smoothTolerance: 0.01,
		// threshold for smoothing, will keep still unless enough matrices are over tolerance
		smoothThreshold: 2
	})

    //S001
        mat = new THREE.MeshPhysicalMaterial({color:"#ffff30"});
        mesh = new THREE.Mesh(sphere_geom, mat);
        mesh.scale.x = 0.18133059452995795;
        mesh.scale.y = 0.13821496766950997;
        mesh.scale.z = 0.14224135544745173;
        m = new THREE.Matrix4();
        m.set(-0.6657821734232129, 0.7025697438925991, -0.2512565472152896, 0, 
              0.3238451829562796, 0.5754578331774484, 0.7509810781309546, 0,
              0.6722041319628109, 0.41862159189583564, -0.6106533941367389, 0,
              0,            0,            0,            1);
        mesh.setRotationFromMatrix(m);
        mesh.position.x = -1.8922132720636209;
        mesh.position.y = 1.3620855391933002;
        mesh.position.z = -2.446731821094627;
        markerRoot0.add(mesh);

        mat = new THREE.MeshPhysicalMaterial({color: "#000000"});
        mesh = new THREE.Mesh(marker_geom, mat);
        mesh.scale.x = 0.18933059452995796;
        mesh.scale.y = 0.14621496766950998;
        mesh.scale.z = 0.15024135544745174;
        mesh.setRotationFromMatrix(m);
        mesh.position.x = -1.8922132720636209;
        mesh.position.y = 1.3620855391933002;
        mesh.position.z = -2.446731821094627;
        markerRoot0.add(mesh);

        mat = new THREE.MeshPhysicalMaterial({color: "#000000"});
        mesh = new THREE.Mesh(marker_geom, mat);
        mesh.scale.x = 0.18933059452995796;
        mesh.scale.y = 0.15024135544745174;
        mesh.scale.z = 0.14621496766950998;
        m = new THREE.Matrix4();
        m.set(-0.6657821734232129, 0.2512565472152896, 0.7025697438925991, 0, 
              0.3238451829562796, -0.7509810781309546, 0.5754578331774484, 0,
              0.6722041319628109, 0.6106533941367389, 0.41862159189583564, 0,
              0,            0,            0,            1);
        mesh.setRotationFromMatrix(m);    
        mesh.position.x = -1.8922132720636209;
        mesh.position.y = 1.3620855391933002;
        mesh.position.z = -2.446731821094627;
        markerRoot0.add(mesh);

        mat = new THREE.MeshPhysicalMaterial({color: "#000000"});
        mesh = new THREE.Mesh(marker_geom, mat);
        mesh.scale.x = 0.14621496766950998;
        mesh.scale.y = 0.18933059452995796;
        mesh.scale.z = 0.15024135544745174;
        m = new THREE.Matrix4();
        m.set(-0.7025697438925991, -0.6657821734232129, -0.2512565472152896, 0, 
              -0.5754578331774484, 0.3238451829562796, 0.7509810781309546, 0,
              -0.41862159189583564, 0.6722041319628109, -0.6106533941367389, 0,
              0,            0,            0,            1);
        mesh.setRotationFromMatrix(m);   
        mesh.position.x = -1.8922132720636209;
        mesh.position.y = 1.3620855391933002;
        mesh.position.z = -2.446731821094627;
        markerRoot0.add(mesh);
        
    //O002
        mat = new THREE.MeshPhysicalMaterial({color:"#ff0d0d"});
        mesh = new THREE.Mesh(sphere_geom, mat);
        mesh.scale.x = 0.23404297862206147;
        mesh.scale.y = 0.14638532801832518;
        mesh.scale.z = 0.18293819967049155;
        m = new THREE.Matrix4();
        m.set(0.7228652038851128, -0.529749259692094, -0.44365709604131515, 0, 
              -0.49351597692164817, -0.8452040323184621, 0.2051149050549066, 0,
              -0.48364023564546993, 0.07068143750866084, -0.8724083085668681, 0,
              0,            0,            0,            1);
        mesh.setRotationFromMatrix(m);
        mesh.position.x = 1.3030938164073045;
        mesh.position.y = 1.570772772802699;
        mesh.position.z = -2.5467596760010873;
        markerRoot0.add(mesh);

        mat = new THREE.MeshPhysicalMaterial({color: "#ffffff"});
        mesh = new THREE.Mesh(marker_geom, mat);
        mesh.scale.x = 0.24204297862206148;
        mesh.scale.y = 0.1543853280183252;
        mesh.scale.z = 0.19093819967049155;
        mesh.setRotationFromMatrix(m);
        mesh.position.x = 1.3030938164073045;
        mesh.position.y = 1.570772772802699;
        mesh.position.z = -2.5467596760010873;
        markerRoot0.add(mesh);

        mat = new THREE.MeshPhysicalMaterial({color: "#ffffff"});
        mesh = new THREE.Mesh(marker_geom, mat);
        mesh.scale.x = 0.24204297862206148;
        mesh.scale.y = 0.19093819967049155;
        mesh.scale.z = 0.1543853280183252;
        m = new THREE.Matrix4();
        m.set(0.7228652038851128, 0.44365709604131515, -0.529749259692094, 0, 
              -0.49351597692164817, -0.2051149050549066, -0.8452040323184621, 0,
              -0.48364023564546993, 0.8724083085668681, 0.07068143750866084, 0,
              0,            0,            0,            1);
        mesh.setRotationFromMatrix(m);    
        mesh.position.x = 1.3030938164073045;
        mesh.position.y = 1.570772772802699;
        mesh.position.z = -2.5467596760010873;
        markerRoot0.add(mesh);

        mat = new THREE.MeshPhysicalMaterial({color: "#ffffff"});
        mesh = new THREE.Mesh(marker_geom, mat);
        mesh.scale.x = 0.1543853280183252;
        mesh.scale.y = 0.24204297862206148;
        mesh.scale.z = 0.19093819967049155;
        m = new THREE.Matrix4();
        m.set(0.529749259692094, 0.7228652038851128, -0.44365709604131515, 0, 
              0.8452040323184621, -0.49351597692164817, 0.2051149050549066, 0,
              -0.07068143750866084, -0.48364023564546993, -0.8724083085668681, 0,
              0,            0,            0,            1);
        mesh.setRotationFromMatrix(m);   
        mesh.position.x = 1.3030938164073045;
        mesh.position.y = 1.570772772802699;
        mesh.position.z = -2.5467596760010873;
        markerRoot0.add(mesh);
        
    //O003
        mat = new THREE.MeshPhysicalMaterial({color:"#ff0d0d"});
        mesh = new THREE.Mesh(sphere_geom, mat);
        mesh.scale.x = 0.14659139190988385;
        mesh.scale.y = 0.18514155163586618;
        mesh.scale.z = 0.2208577906160132;
        m = new THREE.Matrix4();
        m.set(-0.6932476868125776, -0.6800572353210522, 0.23859966767893395, 0, 
              -0.6497813969306404, 0.4465728247172522, -0.615107184502766, 0,
              0.3117559637470881, -0.581459258169944, -0.7514741180882962, 0,
              0,            0,            0,            1);
        mesh.setRotationFromMatrix(m);
        mesh.position.x = -2.066517954769571;
        mesh.position.y = 1.5244506884559097;
        mesh.position.z = 0.7905148248823819;
        markerRoot0.add(mesh);

        mat = new THREE.MeshPhysicalMaterial({color: "#ffffff"});
        mesh = new THREE.Mesh(marker_geom, mat);
        mesh.scale.x = 0.15459139190988386;
        mesh.scale.y = 0.1931415516358662;
        mesh.scale.z = 0.22885779061601322;
        mesh.setRotationFromMatrix(m);
        mesh.position.x = -2.066517954769571;
        mesh.position.y = 1.5244506884559097;
        mesh.position.z = 0.7905148248823819;
        markerRoot0.add(mesh);

        mat = new THREE.MeshPhysicalMaterial({color: "#ffffff"});
        mesh = new THREE.Mesh(marker_geom, mat);
        mesh.scale.x = 0.15459139190988386;
        mesh.scale.y = 0.22885779061601322;
        mesh.scale.z = 0.1931415516358662;
        m = new THREE.Matrix4();
        m.set(-0.6932476868125776, -0.23859966767893395, -0.6800572353210522, 0, 
              -0.6497813969306404, 0.615107184502766, 0.4465728247172522, 0,
              0.3117559637470881, 0.7514741180882962, -0.581459258169944, 0,
              0,            0,            0,            1);
        mesh.setRotationFromMatrix(m);    
        mesh.position.x = -2.066517954769571;
        mesh.position.y = 1.5244506884559097;
        mesh.position.z = 0.7905148248823819;
        markerRoot0.add(mesh);

        mat = new THREE.MeshPhysicalMaterial({color: "#ffffff"});
        mesh = new THREE.Mesh(marker_geom, mat);
        mesh.scale.x = 0.1931415516358662;
        mesh.scale.y = 0.15459139190988386;
        mesh.scale.z = 0.22885779061601322;
        m = new THREE.Matrix4();
        m.set(0.6800572353210522, -0.6932476868125776, 0.23859966767893395, 0, 
              -0.4465728247172522, -0.6497813969306404, -0.615107184502766, 0,
              0.581459258169944, 0.3117559637470881, -0.7514741180882962, 0,
              0,            0,            0,            1);
        mesh.setRotationFromMatrix(m);   
        mesh.position.x = -2.066517954769571;
        mesh.position.y = 1.5244506884559097;
        mesh.position.z = 0.7905148248823819;
        markerRoot0.add(mesh);
        
    //C004
        mat = new THREE.MeshPhysicalMaterial({color:"#000000"});
        mesh = new THREE.Mesh(sphere_geom, mat);
        mesh.scale.x = 0.17397186216867117;
        mesh.scale.y = 0.15246707560475267;
        mesh.scale.z = 0.1453921697688687;
        m = new THREE.Matrix4();
        m.set(-0.9428237333018082, 0.32282468458111113, 0.08287117078904535, 0, 
              0.15849177101923947, 0.21553310115347382, 0.9635485669266245, 0,
              0.2931957817602871, 0.9215908557121607, -0.25437477906762074, 0,
              0,            0,            0,            1);
        mesh.setRotationFromMatrix(m);
        mesh.position.x = 0.6980745022122408;
        mesh.position.y = 1.504762615093564;
        mesh.position.z = -1.4771958167190251;
        markerRoot0.add(mesh);

        mat = new THREE.MeshPhysicalMaterial({color: "#ffffff"});
        mesh = new THREE.Mesh(marker_geom, mat);
        mesh.scale.x = 0.18197186216867117;
        mesh.scale.y = 0.16046707560475268;
        mesh.scale.z = 0.1533921697688687;
        mesh.setRotationFromMatrix(m);
        mesh.position.x = 0.6980745022122408;
        mesh.position.y = 1.504762615093564;
        mesh.position.z = -1.4771958167190251;
        markerRoot0.add(mesh);

        mat = new THREE.MeshPhysicalMaterial({color: "#ffffff"});
        mesh = new THREE.Mesh(marker_geom, mat);
        mesh.scale.x = 0.18197186216867117;
        mesh.scale.y = 0.1533921697688687;
        mesh.scale.z = 0.16046707560475268;
        m = new THREE.Matrix4();
        m.set(-0.9428237333018082, -0.08287117078904535, 0.32282468458111113, 0, 
              0.15849177101923947, -0.9635485669266245, 0.21553310115347382, 0,
              0.2931957817602871, 0.25437477906762074, 0.9215908557121607, 0,
              0,            0,            0,            1);
        mesh.setRotationFromMatrix(m);    
        mesh.position.x = 0.6980745022122408;
        mesh.position.y = 1.504762615093564;
        mesh.position.z = -1.4771958167190251;
        markerRoot0.add(mesh);

        mat = new THREE.MeshPhysicalMaterial({color: "#ffffff"});
        mesh = new THREE.Mesh(marker_geom, mat);
        mesh.scale.x = 0.16046707560475268;
        mesh.scale.y = 0.18197186216867117;
        mesh.scale.z = 0.1533921697688687;
        m = new THREE.Matrix4();
        m.set(-0.32282468458111113, -0.9428237333018082, 0.08287117078904535, 0, 
              -0.21553310115347382, 0.15849177101923947, 0.9635485669266245, 0,
              -0.9215908557121607, 0.2931957817602871, -0.25437477906762074, 0,
              0,            0,            0,            1);
        mesh.setRotationFromMatrix(m);   
        mesh.position.x = 0.6980745022122408;
        mesh.position.y = 1.504762615093564;
        mesh.position.z = -1.4771958167190251;
        markerRoot0.add(mesh);
        
    //C005
        mat = new THREE.MeshPhysicalMaterial({color:"#000000"});
        mesh = new THREE.Mesh(sphere_geom, mat);
        mesh.scale.x = 0.25041094284910326;
        mesh.scale.y = 0.14987048161870448;
        mesh.scale.z = 0.19193985110133002;
        m = new THREE.Matrix4();
        m.set(0.7842402559194603, 0.5753513733425011, 0.23224559885663598, 0, 
              0.3450661236952707, -0.09336053684464667, -0.9339235410021525, 0,
              -0.5156516181234182, 0.8125605253474827, -0.271751359469871, 0,
              0,            0,            0,            1);
        mesh.setRotationFromMatrix(m);
        mesh.position.x = 2.0344077138972123;
        mesh.position.y = 1.3021431743349103;
        mesh.position.z = 2.5467596760010873;
        markerRoot0.add(mesh);

        mat = new THREE.MeshPhysicalMaterial({color: "#ffffff"});
        mesh = new THREE.Mesh(marker_geom, mat);
        mesh.scale.x = 0.25841094284910326;
        mesh.scale.y = 0.15787048161870448;
        mesh.scale.z = 0.19993985110133003;
        mesh.setRotationFromMatrix(m);
        mesh.position.x = 2.0344077138972123;
        mesh.position.y = 1.3021431743349103;
        mesh.position.z = 2.5467596760010873;
        markerRoot0.add(mesh);

        mat = new THREE.MeshPhysicalMaterial({color: "#ffffff"});
        mesh = new THREE.Mesh(marker_geom, mat);
        mesh.scale.x = 0.25841094284910326;
        mesh.scale.y = 0.19993985110133003;
        mesh.scale.z = 0.15787048161870448;
        m = new THREE.Matrix4();
        m.set(0.7842402559194603, -0.23224559885663598, 0.5753513733425011, 0, 
              0.3450661236952707, 0.9339235410021525, -0.09336053684464667, 0,
              -0.5156516181234182, 0.271751359469871, 0.8125605253474827, 0,
              0,            0,            0,            1);
        mesh.setRotationFromMatrix(m);    
        mesh.position.x = 2.0344077138972123;
        mesh.position.y = 1.3021431743349103;
        mesh.position.z = 2.5467596760010873;
        markerRoot0.add(mesh);

        mat = new THREE.MeshPhysicalMaterial({color: "#ffffff"});
        mesh = new THREE.Mesh(marker_geom, mat);
        mesh.scale.x = 0.15787048161870448;
        mesh.scale.y = 0.25841094284910326;
        mesh.scale.z = 0.19993985110133003;
        m = new THREE.Matrix4();
        m.set(-0.5753513733425011, 0.7842402559194603, 0.23224559885663598, 0, 
              0.09336053684464667, 0.3450661236952707, -0.9339235410021525, 0,
              -0.8125605253474827, -0.5156516181234182, -0.271751359469871, 0,
              0,            0,            0,            1);
        mesh.setRotationFromMatrix(m);   
        mesh.position.x = 2.0344077138972123;
        mesh.position.y = 1.3021431743349103;
        mesh.position.z = 2.5467596760010873;
        markerRoot0.add(mesh);
        
    //C006
        mat = new THREE.MeshPhysicalMaterial({color:"#000000"});
        mesh = new THREE.Mesh(sphere_geom, mat);
        mesh.scale.x = 0.148920985471035;
        mesh.scale.y = 0.1540821427741218;
        mesh.scale.z = 0.161877615390365;
        m = new THREE.Matrix4();
        m.set(0.8923455814434856, -0.4513513707694786, 0.001141657917496271, 0, 
              -0.3368325188734274, -0.6676151593786094, -0.6639532010595746, 0,
              0.30043837555756714, 0.5920911577387277, -0.7477732566894479, 0,
              0,            0,            0,            1);
        mesh.setRotationFromMatrix(m);
        mesh.position.x = -0.9823338655764389;
        mesh.position.y = 1.5047626150935636;
        mesh.position.z = 0.19745676238485066;
        markerRoot0.add(mesh);

        mat = new THREE.MeshPhysicalMaterial({color: "#ffffff"});
        mesh = new THREE.Mesh(marker_geom, mat);
        mesh.scale.x = 0.156920985471035;
        mesh.scale.y = 0.1620821427741218;
        mesh.scale.z = 0.169877615390365;
        mesh.setRotationFromMatrix(m);
        mesh.position.x = -0.9823338655764389;
        mesh.position.y = 1.5047626150935636;
        mesh.position.z = 0.19745676238485066;
        markerRoot0.add(mesh);

        mat = new THREE.MeshPhysicalMaterial({color: "#ffffff"});
        mesh = new THREE.Mesh(marker_geom, mat);
        mesh.scale.x = 0.156920985471035;
        mesh.scale.y = 0.169877615390365;
        mesh.scale.z = 0.1620821427741218;
        m = new THREE.Matrix4();
        m.set(0.8923455814434856, -0.001141657917496271, -0.4513513707694786, 0, 
              -0.3368325188734274, 0.6639532010595746, -0.6676151593786094, 0,
              0.30043837555756714, 0.7477732566894479, 0.5920911577387277, 0,
              0,            0,            0,            1);
        mesh.setRotationFromMatrix(m);    
        mesh.position.x = -0.9823338655764389;
        mesh.position.y = 1.5047626150935636;
        mesh.position.z = 0.19745676238485066;
        markerRoot0.add(mesh);

        mat = new THREE.MeshPhysicalMaterial({color: "#ffffff"});
        mesh = new THREE.Mesh(marker_geom, mat);
        mesh.scale.x = 0.1620821427741218;
        mesh.scale.y = 0.156920985471035;
        mesh.scale.z = 0.169877615390365;
        m = new THREE.Matrix4();
        m.set(0.4513513707694786, 0.8923455814434856, 0.001141657917496271, 0, 
              0.6676151593786094, -0.3368325188734274, -0.6639532010595746, 0,
              -0.5920911577387277, 0.30043837555756714, -0.7477732566894479, 0,
              0,            0,            0,            1);
        mesh.setRotationFromMatrix(m);   
        mesh.position.x = -0.9823338655764389;
        mesh.position.y = 1.5047626150935636;
        mesh.position.z = 0.19745676238485066;
        markerRoot0.add(mesh);
        
    //C007
        mat = new THREE.MeshPhysicalMaterial({color:"#000000"});
        mesh = new THREE.Mesh(sphere_geom, mat);
        mesh.scale.x = 0.15206878689232364;
        mesh.scale.y = 0.20843342644809137;
        mesh.scale.z = 0.18870844123198408;
        m = new THREE.Matrix4();
        m.set(-0.738373461968759, 0.60515705461771, 0.2976400005151979, 0, 
              0.019670987864071777, 0.46048402458936505, -0.8874500072310735, 0,
              -0.6741050978124412, -0.6494146613254113, -0.35191322049459883, 0,
              0,            0,            0,            1);
        mesh.setRotationFromMatrix(m);
        mesh.position.x = 0.6791501496427954;
        mesh.position.y = 1.3863873138491072;
        mesh.position.z = 2.2038270148285477;
        markerRoot0.add(mesh);

        mat = new THREE.MeshPhysicalMaterial({color: "#ffffff"});
        mesh = new THREE.Mesh(marker_geom, mat);
        mesh.scale.x = 0.16006878689232365;
        mesh.scale.y = 0.21643342644809138;
        mesh.scale.z = 0.19670844123198408;
        mesh.setRotationFromMatrix(m);
        mesh.position.x = 0.6791501496427954;
        mesh.position.y = 1.3863873138491072;
        mesh.position.z = 2.2038270148285477;
        markerRoot0.add(mesh);

        mat = new THREE.MeshPhysicalMaterial({color: "#ffffff"});
        mesh = new THREE.Mesh(marker_geom, mat);
        mesh.scale.x = 0.16006878689232365;
        mesh.scale.y = 0.19670844123198408;
        mesh.scale.z = 0.21643342644809138;
        m = new THREE.Matrix4();
        m.set(-0.738373461968759, -0.2976400005151979, 0.60515705461771, 0, 
              0.019670987864071777, 0.8874500072310735, 0.46048402458936505, 0,
              -0.6741050978124412, 0.35191322049459883, -0.6494146613254113, 0,
              0,            0,            0,            1);
        mesh.setRotationFromMatrix(m);    
        mesh.position.x = 0.6791501496427954;
        mesh.position.y = 1.3863873138491072;
        mesh.position.z = 2.2038270148285477;
        markerRoot0.add(mesh);

        mat = new THREE.MeshPhysicalMaterial({color: "#ffffff"});
        mesh = new THREE.Mesh(marker_geom, mat);
        mesh.scale.x = 0.21643342644809138;
        mesh.scale.y = 0.16006878689232365;
        mesh.scale.z = 0.19670844123198408;
        m = new THREE.Matrix4();
        m.set(-0.60515705461771, -0.738373461968759, 0.2976400005151979, 0, 
              -0.46048402458936505, 0.019670987864071777, -0.8874500072310735, 0,
              0.6494146613254113, -0.6741050978124412, -0.35191322049459883, 0,
              0,            0,            0,            1);
        mesh.setRotationFromMatrix(m);   
        mesh.position.x = 0.6791501496427954;
        mesh.position.y = 1.3863873138491072;
        mesh.position.z = 2.2038270148285477;
        markerRoot0.add(mesh);
        
    //C008
        mat = new THREE.MeshPhysicalMaterial({color:"#000000"});
        mesh = new THREE.Mesh(sphere_geom, mat);
        mesh.scale.x = 0.17652509803946478;
        mesh.scale.y = 0.14547184595233187;
        mesh.scale.z = 0.15839947852621988;
        m = new THREE.Matrix4();
        m.set(0.7377137308941851, 0.6593759218240128, 0.14492013306961712, 0, 
              0.47183342567649217, -0.3500350460901369, -0.8092272146455911, 0,
              -0.4828578151636029, 0.6653561904930388, -0.5693412597976917, 0,
              0,            0,            0,            1);
        mesh.setRotationFromMatrix(m);
        mesh.position.x = 0.36287304920681623;
        mesh.position.y = 1.4496963009139048;
        mesh.position.z = 0.8604452317332947;
        markerRoot0.add(mesh);

        mat = new THREE.MeshPhysicalMaterial({color: "#ffffff"});
        mesh = new THREE.Mesh(marker_geom, mat);
        mesh.scale.x = 0.1845250980394648;
        mesh.scale.y = 0.15347184595233188;
        mesh.scale.z = 0.1663994785262199;
        mesh.setRotationFromMatrix(m);
        mesh.position.x = 0.36287304920681623;
        mesh.position.y = 1.4496963009139048;
        mesh.position.z = 0.8604452317332947;
        markerRoot0.add(mesh);

        mat = new THREE.MeshPhysicalMaterial({color: "#ffffff"});
        mesh = new THREE.Mesh(marker_geom, mat);
        mesh.scale.x = 0.1845250980394648;
        mesh.scale.y = 0.1663994785262199;
        mesh.scale.z = 0.15347184595233188;
        m = new THREE.Matrix4();
        m.set(0.7377137308941851, -0.14492013306961712, 0.6593759218240128, 0, 
              0.47183342567649217, 0.8092272146455911, -0.3500350460901369, 0,
              -0.4828578151636029, 0.5693412597976917, 0.6653561904930388, 0,
              0,            0,            0,            1);
        mesh.setRotationFromMatrix(m);    
        mesh.position.x = 0.36287304920681623;
        mesh.position.y = 1.4496963009139048;
        mesh.position.z = 0.8604452317332947;
        markerRoot0.add(mesh);

        mat = new THREE.MeshPhysicalMaterial({color: "#ffffff"});
        mesh = new THREE.Mesh(marker_geom, mat);
        mesh.scale.x = 0.15347184595233188;
        mesh.scale.y = 0.1845250980394648;
        mesh.scale.z = 0.1663994785262199;
        m = new THREE.Matrix4();
        m.set(-0.6593759218240128, 0.7377137308941851, 0.14492013306961712, 0, 
              0.3500350460901369, 0.47183342567649217, -0.8092272146455911, 0,
              -0.6653561904930388, -0.4828578151636029, -0.5693412597976917, 0,
              0,            0,            0,            1);
        mesh.setRotationFromMatrix(m);   
        mesh.position.x = 0.36287304920681623;
        mesh.position.y = 1.4496963009139048;
        mesh.position.z = 0.8604452317332947;
        markerRoot0.add(mesh);
        
    //C009
        mat = new THREE.MeshPhysicalMaterial({color:"#000000"});
        mesh = new THREE.Mesh(sphere_geom, mat);
        mesh.scale.x = 0.23770508488080955;
        mesh.scale.y = 0.1461378133379021;
        mesh.scale.z = 0.17491120357090806;
        m = new THREE.Matrix4();
        m.set(-0.9680521869534111, 0.1894811564498362, 0.1642311014550864, 0, 
              0.04208935712225784, -0.5228809089442216, 0.851365985389773, 0,
              0.2471911190794547, 0.8310790855340406, 0.4982008673578858, 0,
              0,            0,            0,            1);
        mesh.setRotationFromMatrix(m);
        mesh.position.x = 2.6909343241677535;
        mesh.position.y = 1.3405646306663077;
        mesh.position.z = 0.20499992813702572;
        markerRoot0.add(mesh);

        mat = new THREE.MeshPhysicalMaterial({color: "#ffffff"});
        mesh = new THREE.Mesh(marker_geom, mat);
        mesh.scale.x = 0.24570508488080955;
        mesh.scale.y = 0.1541378133379021;
        mesh.scale.z = 0.18291120357090807;
        mesh.setRotationFromMatrix(m);
        mesh.position.x = 2.6909343241677535;
        mesh.position.y = 1.3405646306663077;
        mesh.position.z = 0.20499992813702572;
        markerRoot0.add(mesh);

        mat = new THREE.MeshPhysicalMaterial({color: "#ffffff"});
        mesh = new THREE.Mesh(marker_geom, mat);
        mesh.scale.x = 0.24570508488080955;
        mesh.scale.y = 0.18291120357090807;
        mesh.scale.z = 0.1541378133379021;
        m = new THREE.Matrix4();
        m.set(-0.9680521869534111, -0.1642311014550864, 0.1894811564498362, 0, 
              0.04208935712225784, -0.851365985389773, -0.5228809089442216, 0,
              0.2471911190794547, -0.4982008673578858, 0.8310790855340406, 0,
              0,            0,            0,            1);
        mesh.setRotationFromMatrix(m);    
        mesh.position.x = 2.6909343241677535;
        mesh.position.y = 1.3405646306663077;
        mesh.position.z = 0.20499992813702572;
        markerRoot0.add(mesh);

        mat = new THREE.MeshPhysicalMaterial({color: "#ffffff"});
        mesh = new THREE.Mesh(marker_geom, mat);
        mesh.scale.x = 0.1541378133379021;
        mesh.scale.y = 0.24570508488080955;
        mesh.scale.z = 0.18291120357090807;
        m = new THREE.Matrix4();
        m.set(-0.1894811564498362, -0.9680521869534111, 0.1642311014550864, 0, 
              0.5228809089442216, 0.04208935712225784, 0.851365985389773, 0,
              -0.8310790855340406, 0.2471911190794547, 0.4982008673578858, 0,
              0,            0,            0,            1);
        mesh.setRotationFromMatrix(m);   
        mesh.position.x = 2.6909343241677535;
        mesh.position.y = 1.3405646306663077;
        mesh.position.z = 0.20499992813702572;
        markerRoot0.add(mesh);
        
    //C00A
        mat = new THREE.MeshPhysicalMaterial({color:"#000000"});
        mesh = new THREE.Mesh(sphere_geom, mat);
        mesh.scale.x = 0.1874295562114271;
        mesh.scale.y = 0.14391180031590153;
        mesh.scale.z = 0.1523540225534711;
        m = new THREE.Matrix4();
        m.set(-0.9570596440831721, -0.28882081737311827, -0.024887207945365655, 0, 
              -0.1096318339746266, 0.44008145420830447, -0.8912402451871572, 0,
              0.2683611347545541, -0.8502416416018612, -0.45284815583087, 0,
              0,            0,            0,            1);
        mesh.setRotationFromMatrix(m);
        mesh.position.x = 1.3504917801643739;
        mesh.position.y = 1.433392408243911;
        mesh.position.z = -0.12306799567865553;
        markerRoot0.add(mesh);

        mat = new THREE.MeshPhysicalMaterial({color: "#ffffff"});
        mesh = new THREE.Mesh(marker_geom, mat);
        mesh.scale.x = 0.1954295562114271;
        mesh.scale.y = 0.15191180031590154;
        mesh.scale.z = 0.16035402255347111;
        mesh.setRotationFromMatrix(m);
        mesh.position.x = 1.3504917801643739;
        mesh.position.y = 1.433392408243911;
        mesh.position.z = -0.12306799567865553;
        markerRoot0.add(mesh);

        mat = new THREE.MeshPhysicalMaterial({color: "#ffffff"});
        mesh = new THREE.Mesh(marker_geom, mat);
        mesh.scale.x = 0.1954295562114271;
        mesh.scale.y = 0.16035402255347111;
        mesh.scale.z = 0.15191180031590154;
        m = new THREE.Matrix4();
        m.set(-0.9570596440831721, 0.024887207945365655, -0.28882081737311827, 0, 
              -0.1096318339746266, 0.8912402451871572, 0.44008145420830447, 0,
              0.2683611347545541, 0.45284815583087, -0.8502416416018612, 0,
              0,            0,            0,            1);
        mesh.setRotationFromMatrix(m);    
        mesh.position.x = 1.3504917801643739;
        mesh.position.y = 1.433392408243911;
        mesh.position.z = -0.12306799567865553;
        markerRoot0.add(mesh);

        mat = new THREE.MeshPhysicalMaterial({color: "#ffffff"});
        mesh = new THREE.Mesh(marker_geom, mat);
        mesh.scale.x = 0.15191180031590154;
        mesh.scale.y = 0.1954295562114271;
        mesh.scale.z = 0.16035402255347111;
        m = new THREE.Matrix4();
        m.set(0.28882081737311827, -0.9570596440831721, -0.024887207945365655, 0, 
              -0.44008145420830447, -0.1096318339746266, -0.8912402451871572, 0,
              0.8502416416018612, 0.2683611347545541, -0.45284815583087, 0,
              0,            0,            0,            1);
        mesh.setRotationFromMatrix(m);   
        mesh.position.x = 1.3504917801643739;
        mesh.position.y = 1.433392408243911;
        mesh.position.z = -0.12306799567865553;
        markerRoot0.add(mesh);
        
    //C00B
        mat = new THREE.MeshPhysicalMaterial({color:"#000000"});
        mesh = new THREE.Mesh(sphere_geom, mat);
        mesh.scale.x = 0.2598260128079738;
        mesh.scale.y = 0.19631430026473679;
        mesh.scale.z = 0.1583191320715137;
        m = new THREE.Matrix4();
        m.set(-0.9726862538876969, -0.20326405112068976, 0.11209450039999162, 0, 
              -0.19526609457180003, 0.977616388608623, 0.07834123457356547, 0,
              -0.12550937737314688, 0.05431318666621544, -0.9906046002041206, 0,
              0,            0,            0,            1);
        mesh.setRotationFromMatrix(m);
        mesh.position.x = -2.9574862955229495;
        mesh.position.y = 2.80111757838245;
        mesh.position.z = -2.318765414493074;
        markerRoot0.add(mesh);

        mat = new THREE.MeshPhysicalMaterial({color: "#ffffff"});
        mesh = new THREE.Mesh(marker_geom, mat);
        mesh.scale.x = 0.2678260128079738;
        mesh.scale.y = 0.2043143002647368;
        mesh.scale.z = 0.16631913207151372;
        mesh.setRotationFromMatrix(m);
        mesh.position.x = -2.9574862955229495;
        mesh.position.y = 2.80111757838245;
        mesh.position.z = -2.318765414493074;
        markerRoot0.add(mesh);

        mat = new THREE.MeshPhysicalMaterial({color: "#ffffff"});
        mesh = new THREE.Mesh(marker_geom, mat);
        mesh.scale.x = 0.2678260128079738;
        mesh.scale.y = 0.16631913207151372;
        mesh.scale.z = 0.2043143002647368;
        m = new THREE.Matrix4();
        m.set(-0.9726862538876969, -0.11209450039999162, -0.20326405112068976, 0, 
              -0.19526609457180003, -0.07834123457356547, 0.977616388608623, 0,
              -0.12550937737314688, 0.9906046002041206, 0.05431318666621544, 0,
              0,            0,            0,            1);
        mesh.setRotationFromMatrix(m);    
        mesh.position.x = -2.9574862955229495;
        mesh.position.y = 2.80111757838245;
        mesh.position.z = -2.318765414493074;
        markerRoot0.add(mesh);

        mat = new THREE.MeshPhysicalMaterial({color: "#ffffff"});
        mesh = new THREE.Mesh(marker_geom, mat);
        mesh.scale.x = 0.2043143002647368;
        mesh.scale.y = 0.2678260128079738;
        mesh.scale.z = 0.16631913207151372;
        m = new THREE.Matrix4();
        m.set(0.20326405112068976, -0.9726862538876969, 0.11209450039999162, 0, 
              -0.977616388608623, -0.19526609457180003, 0.07834123457356547, 0,
              -0.05431318666621544, -0.12550937737314688, -0.9906046002041206, 0,
              0,            0,            0,            1);
        mesh.setRotationFromMatrix(m);   
        mesh.position.x = -2.9574862955229495;
        mesh.position.y = 2.80111757838245;
        mesh.position.z = -2.318765414493074;
        markerRoot0.add(mesh);
        
    //C00C
        mat = new THREE.MeshPhysicalMaterial({color:"#000000"});
        mesh = new THREE.Mesh(sphere_geom, mat);
        mesh.scale.x = 0.17846531746618807;
        mesh.scale.y = 0.1517042870820609;
        mesh.scale.z = 0.1391613406899214;
        m = new THREE.Matrix4();
        m.set(0.6093134857813424, -0.7329366960984244, -0.30255722691305253, 0, 
              -0.5169916028751633, -0.656528191571665, 0.5492635216616957, 0,
              -0.6012127398862728, -0.17825412529297974, -0.778953598242203, 0,
              0,            0,            0,            1);
        mesh.setRotationFromMatrix(m);
        mesh.position.x = -0.7190575481112982;
        mesh.position.y = 1.5047626150935636;
        mesh.position.z = -1.2125980908024367;
        markerRoot0.add(mesh);

        mat = new THREE.MeshPhysicalMaterial({color: "#ffffff"});
        mesh = new THREE.Mesh(marker_geom, mat);
        mesh.scale.x = 0.18646531746618808;
        mesh.scale.y = 0.15970428708206091;
        mesh.scale.z = 0.1471613406899214;
        mesh.setRotationFromMatrix(m);
        mesh.position.x = -0.7190575481112982;
        mesh.position.y = 1.5047626150935636;
        mesh.position.z = -1.2125980908024367;
        markerRoot0.add(mesh);

        mat = new THREE.MeshPhysicalMaterial({color: "#ffffff"});
        mesh = new THREE.Mesh(marker_geom, mat);
        mesh.scale.x = 0.18646531746618808;
        mesh.scale.y = 0.1471613406899214;
        mesh.scale.z = 0.15970428708206091;
        m = new THREE.Matrix4();
        m.set(0.6093134857813424, 0.30255722691305253, -0.7329366960984244, 0, 
              -0.5169916028751633, -0.5492635216616957, -0.656528191571665, 0,
              -0.6012127398862728, 0.778953598242203, -0.17825412529297974, 0,
              0,            0,            0,            1);
        mesh.setRotationFromMatrix(m);    
        mesh.position.x = -0.7190575481112982;
        mesh.position.y = 1.5047626150935636;
        mesh.position.z = -1.2125980908024367;
        markerRoot0.add(mesh);

        mat = new THREE.MeshPhysicalMaterial({color: "#ffffff"});
        mesh = new THREE.Mesh(marker_geom, mat);
        mesh.scale.x = 0.15970428708206091;
        mesh.scale.y = 0.18646531746618808;
        mesh.scale.z = 0.1471613406899214;
        m = new THREE.Matrix4();
        m.set(0.7329366960984244, 0.6093134857813424, -0.30255722691305253, 0, 
              0.656528191571665, -0.5169916028751633, 0.5492635216616957, 0,
              0.17825412529297974, -0.6012127398862728, -0.778953598242203, 0,
              0,            0,            0,            1);
        mesh.setRotationFromMatrix(m);   
        mesh.position.x = -0.7190575481112982;
        mesh.position.y = 1.5047626150935636;
        mesh.position.z = -1.2125980908024367;
        markerRoot0.add(mesh);
        
    //C00D
        mat = new THREE.MeshPhysicalMaterial({color:"#000000"});
