<!DOCTYPE html>
<head>
    <meta charset="UTF-8">
</head>
<meta name="viewport" content="width=device-width, user-scalable=no, minimum-scale=1.0, maximum-scale=1.0">
<!-- three.js library -->
<script src='js/three.min.js'></script>
<!-- ar.js -->
<script src="js/ar.js"></script>
<script>THREEx.ArToolkitContext.baseURL = '.'</script>

<body style='margin : 0px; overflow: hidden; font-family: Monospace;'><div style='position: absolute; top: 10px; width:100%; text-align: center; z-index: 1;'>
<script>
	//////////////////////////////////////////////////////////////////////////////////
	//		Init
	//////////////////////////////////////////////////////////////////////////////////

	// init renderer
	var renderer	= new THREE.WebGLRenderer({
		antialias: true,
		alpha: true
	});
	renderer.setClearColor(new THREE.Color('lightgrey'), 0)
	renderer.setSize( 640, 480 );
	renderer.domElement.style.position = 'absolute'
	renderer.domElement.style.top = '0px'
	renderer.domElement.style.left = '0px'
	document.body.appendChild( renderer.domElement );

	// array of functions for the rendering loop
	var onRenderFcts= [];

	// init scene and camera
    var scene	= new THREE.Scene();

	//////////////////////////////////////////////////////////////////////////////////
	//		Initialize a basic camera
	//////////////////////////////////////////////////////////////////////////////////

	// Create a camera
	var camera = new THREE.Camera();
	scene.add(camera);

	////////////////////////////////////////////////////////////////////////////////
	//          handle arToolkitSource
	////////////////////////////////////////////////////////////////////////////////

	var arToolkitSource = new THREEx.ArToolkitSource({
		// to read from the webcam
		sourceType : 'webcam',

		// // to read from an image
		// sourceType : 'image',
		// sourceUrl : THREEx.ArToolkitContext.baseURL + '../data/images/img.jpg',

		// to read from a video
		// sourceType : 'video',
		// sourceUrl : THREEx.ArToolkitContext.baseURL + '../data/videos/headtracking.mp4',
	})

	arToolkitSource.init(function onReady(){
        setTimeout(() => {
            onResize()
        }, 2000);
	})

	// handle resize
	window.addEventListener('resize', function(){
		onResize()
    })

	function onResize(){
		arToolkitSource.onResizeElement()
		arToolkitSource.copyElementSizeTo(renderer.domElement)
		if( arToolkitContext.arController !== null ){
			arToolkitSource.copyElementSizeTo(arToolkitContext.arController.canvas)
		}
	}
	////////////////////////////////////////////////////////////////////////////////
	//          initialize arToolkitContext
	////////////////////////////////////////////////////////////////////////////////


	// create atToolkitContext
	var arToolkitContext = new THREEx.ArToolkitContext({
		cameraParametersUrl: THREEx.ArToolkitContext.baseURL + './js/camera_para.dat',
		detectionMode: 'mono',
	})
	// initialize it
	arToolkitContext.init(function onCompleted(){
		// copy projection matrix to camera
		camera.projectionMatrix.copy( arToolkitContext.getProjectionMatrix() );
	})

	// update artoolkit on every frame
	onRenderFcts.push(function(){
		if( arToolkitSource.ready === false )	return

		arToolkitContext.update( arToolkitSource.domElement )

		// update scene.visible if the marker is seen
		scene.visible = camera.visible
	})

	////////////////////////////////////////////////////////////////////////////////
	//          Create a ArMarkerControls
	////////////////////////////////////////////////////////////////////////////////

	// init controls for camera
	var markerControls = new THREEx.ArMarkerControls(arToolkitContext, camera, {
		type : 'barcode',
        value: 0,
		//patternUrl : './bar/0.png',
		// patternUrl : THREEx.ArToolkitContext.baseURL + '../data/data/patt.kanji',
		// as we controls the camera, set changeMatrixMode: 'cameraTransformMatrix'
		changeMatrixMode: 'cameraTransformMatrix'
	})
	// as we do changeMatrixMode: 'cameraTransformMatrix', start with invisible scene
	scene.visible = false

	//////////////////////////////////////////////////////////////////////////////////
	//		add an object in the scene
	//////////////////////////////////////////////////////////////////////////////////

    
    var sphere_geom = new THREE.SphereBufferGeometry(1, 12, 12);
    var marker_geom = new THREE.CylinderBufferGeometry(1, 1, 0.2, 12, 1, true);


    //S001
        mat = new THREE.MeshPhysicalMaterial({color:"#ffff30"});
        mesh = new THREE.Mesh(sphere_geom, mat);
        mesh.scale.x = 0.05439917835898738;
        mesh.scale.y = 0.04146449030085299;
        mesh.scale.z = 0.042672406634235514;
        m = new THREE.Matrix4();
        m.set(-0.6657821734232129, 0.7025697438925991, -0.2512565472152896, 0, 
              0.3238451829562796, 0.5754578331774484, 0.7509810781309546, 0,
              0.6722041319628109, 0.41862159189583564, -0.6106533941367389, 0,
              0,            0,            0,            1);
        mesh.setRotationFromMatrix(m);
        mesh.position.x = -0.30522444738899807;
        mesh.position.y = 0.3297293861300188;
        mesh.position.z = -0.38318516843377876;
        scene.add(mesh);

        mat = new THREE.MeshPhysicalMaterial({color: "#000000"});
        mesh = new THREE.Mesh(marker_geom, mat);
        mesh.scale.x = 0.06239917835898738;
        mesh.scale.y = 0.04946449030085299;
        mesh.scale.z = 0.050672406634235514;
        mesh.setRotationFromMatrix(m);
        mesh.position.x = -0.30522444738899807;
        mesh.position.y = 0.3297293861300188;
        mesh.position.z = -0.38318516843377876;
        scene.add(mesh);

        mat = new THREE.MeshPhysicalMaterial({color: "#000000"});
        mesh = new THREE.Mesh(marker_geom, mat);
        mesh.scale.x = 0.06239917835898738;
        mesh.scale.y = 0.050672406634235514;
        mesh.scale.z = 0.04946449030085299;
        m = new THREE.Matrix4();
        m.set(-0.6657821734232129, 0.2512565472152896, 0.7025697438925991, 0, 
              0.3238451829562796, -0.7509810781309546, 0.5754578331774484, 0,
              0.6722041319628109, 0.6106533941367389, 0.41862159189583564, 0,
              0,            0,            0,            1);
        mesh.setRotationFromMatrix(m);    
        mesh.position.x = -0.30522444738899807;
        mesh.position.y = 0.3297293861300188;
        mesh.position.z = -0.38318516843377876;
        scene.add(mesh);

        mat = new THREE.MeshPhysicalMaterial({color: "#000000"});
        mesh = new THREE.Mesh(marker_geom, mat);
        mesh.scale.x = 0.04946449030085299;
        mesh.scale.y = 0.06239917835898738;
        mesh.scale.z = 0.050672406634235514;
        m = new THREE.Matrix4();
        m.set(-0.7025697438925991, -0.6657821734232129, -0.2512565472152896, 0, 
              -0.5754578331774484, 0.3238451829562796, 0.7509810781309546, 0,
              -0.41862159189583564, 0.6722041319628109, -0.6106533941367389, 0,
              0,            0,            0,            1);
        mesh.setRotationFromMatrix(m);   
        mesh.position.x = -0.30522444738899807;
        mesh.position.y = 0.3297293861300188;
        mesh.position.z = -0.38318516843377876;
        scene.add(mesh);
        
    //O002
        mat = new THREE.MeshPhysicalMaterial({color:"#ff0d0d"});
        mesh = new THREE.Mesh(sphere_geom, mat);
        mesh.scale.x = 0.07021289358661843;
        mesh.scale.y = 0.04391559840549755;
        mesh.scale.z = 0.05488145990114746;
        m = new THREE.Matrix4();
        m.set(0.7228652038851128, -0.529749259692094, -0.44365709604131515, 0, 
              -0.49351597692164817, -0.8452040323184621, 0.2051149050549066, 0,
              -0.48364023564546993, 0.07068143750866084, -0.8724083085668681, 0,
              0,            0,            0,            1);
        mesh.setRotationFromMatrix(m);
        mesh.position.x = 0.42098914977468815;
        mesh.position.y = 0.9019931648949173;
        mesh.position.z = -0.6455720542833088;
        scene.add(mesh);

        mat = new THREE.MeshPhysicalMaterial({color: "#ffffff"});
        mesh = new THREE.Mesh(marker_geom, mat);
        mesh.scale.x = 0.07821289358661843;
        mesh.scale.y = 0.05191559840549755;
        mesh.scale.z = 0.06288145990114746;
        mesh.setRotationFromMatrix(m);
        mesh.position.x = 0.42098914977468815;
        mesh.position.y = 0.9019931648949173;
        mesh.position.z = -0.6455720542833088;
        scene.add(mesh);

        mat = new THREE.MeshPhysicalMaterial({color: "#ffffff"});
        mesh = new THREE.Mesh(marker_geom, mat);
        mesh.scale.x = 0.07821289358661843;
        mesh.scale.y = 0.06288145990114746;
        mesh.scale.z = 0.05191559840549755;
        m = new THREE.Matrix4();
        m.set(0.7228652038851128, 0.44365709604131515, -0.529749259692094, 0, 
              -0.49351597692164817, -0.2051149050549066, -0.8452040323184621, 0,
              -0.48364023564546993, 0.8724083085668681, 0.07068143750866084, 0,
              0,            0,            0,            1);
        mesh.setRotationFromMatrix(m);    
        mesh.position.x = 0.42098914977468815;
        mesh.position.y = 0.9019931648949173;
        mesh.position.z = -0.6455720542833088;
        scene.add(mesh);

        mat = new THREE.MeshPhysicalMaterial({color: "#ffffff"});
        mesh = new THREE.Mesh(marker_geom, mat);
        mesh.scale.x = 0.05191559840549755;
        mesh.scale.y = 0.07821289358661843;
        mesh.scale.z = 0.06288145990114746;
        m = new THREE.Matrix4();
        m.set(0.529749259692094, 0.7228652038851128, -0.44365709604131515, 0, 
              0.8452040323184621, -0.49351597692164817, 0.2051149050549066, 0,
              -0.07068143750866084, -0.48364023564546993, -0.8724083085668681, 0,
              0,            0,            0,            1);
        mesh.setRotationFromMatrix(m);   
        mesh.position.x = 0.42098914977468815;
        mesh.position.y = 0.9019931648949173;
        mesh.position.z = -0.6455720542833088;
        scene.add(mesh);
        
    //O003
        mat = new THREE.MeshPhysicalMaterial({color:"#ff0d0d"});
        mesh = new THREE.Mesh(sphere_geom, mat);
        mesh.scale.x = 0.04397741757296515;
        mesh.scale.y = 0.05554246549075985;
        mesh.scale.z = 0.06625733718480395;
        m = new THREE.Matrix4();
        m.set(-0.6932476868125776, -0.6800572353210522, 0.23859966767893395, 0, 
              -0.6497813969306404, 0.4465728247172522, -0.615107184502766, 0,
              0.3117559637470881, -0.581459258169944, -0.7514741180882962, 0,
              0,            0,            0,            1);
        mesh.setRotationFromMatrix(m);
        mesh.position.x = -0.5798210604305645;
        mesh.position.y = 0.8883689650221781;
        mesh.position.z = 0.3656836171295428;
        scene.add(mesh);

        mat = new THREE.MeshPhysicalMaterial({color: "#ffffff"});
        mesh = new THREE.Mesh(marker_geom, mat);
        mesh.scale.x = 0.05197741757296515;
        mesh.scale.y = 0.06354246549075984;
        mesh.scale.z = 0.07425733718480396;
        mesh.setRotationFromMatrix(m);
        mesh.position.x = -0.5798210604305645;
        mesh.position.y = 0.8883689650221781;
        mesh.position.z = 0.3656836171295428;
        scene.add(mesh);

        mat = new THREE.MeshPhysicalMaterial({color: "#ffffff"});
        mesh = new THREE.Mesh(marker_geom, mat);
        mesh.scale.x = 0.05197741757296515;
        mesh.scale.y = 0.07425733718480396;
        mesh.scale.z = 0.06354246549075984;
        m = new THREE.Matrix4();
        m.set(-0.6932476868125776, -0.23859966767893395, -0.6800572353210522, 0, 
              -0.6497813969306404, 0.615107184502766, 0.4465728247172522, 0,
              0.3117559637470881, 0.7514741180882962, -0.581459258169944, 0,
              0,            0,            0,            1);
        mesh.setRotationFromMatrix(m);    
        mesh.position.x = -0.5798210604305645;
        mesh.position.y = 0.8883689650221781;
        mesh.position.z = 0.3656836171295428;
        scene.add(mesh);

        mat = new THREE.MeshPhysicalMaterial({color: "#ffffff"});
        mesh = new THREE.Mesh(marker_geom, mat);
        mesh.scale.x = 0.06354246549075984;
        mesh.scale.y = 0.05197741757296515;
        mesh.scale.z = 0.07425733718480396;
        m = new THREE.Matrix4();
        m.set(0.6800572353210522, -0.6932476868125776, 0.23859966767893395, 0, 
              -0.4465728247172522, -0.6497813969306404, -0.615107184502766, 0,
              0.581459258169944, 0.3117559637470881, -0.7514741180882962, 0,
              0,            0,            0,            1);
        mesh.setRotationFromMatrix(m);   
        mesh.position.x = -0.5798210604305645;
        mesh.position.y = 0.8883689650221781;
        mesh.position.z = 0.3656836171295428;
        scene.add(mesh);
        
    //C004
        mat = new THREE.MeshPhysicalMaterial({color:"#000000"});
        mesh = new THREE.Mesh(sphere_geom, mat);
        mesh.scale.x = 0.05219155865060135;
        mesh.scale.y = 0.0457401226814258;
        mesh.scale.z = 0.043617650930660605;
        m = new THREE.Matrix4();
        m.set(-0.9428237333018082, 0.32282468458111113, 0.08287117078904535, 0, 
              0.15849177101923947, 0.21553310115347382, 0.9635485669266245, 0,
              0.2931957817602871, 0.9215908557121607, -0.25437477906762074, 0,
              0,            0,            0,            1);
        mesh.setRotationFromMatrix(m);
        mesh.position.x = 0.22146570617338734;
        mesh.position.y = 0.9710213456450971;
        mesh.position.z = -0.34272054584147155;
        scene.add(mesh);

        mat = new THREE.MeshPhysicalMaterial({color: "#ffffff"});
        mesh = new THREE.Mesh(marker_geom, mat);
        mesh.scale.x = 0.06019155865060135;
        mesh.scale.y = 0.0537401226814258;
        mesh.scale.z = 0.051617650930660605;
        mesh.setRotationFromMatrix(m);
        mesh.position.x = 0.22146570617338734;
        mesh.position.y = 0.9710213456450971;
        mesh.position.z = -0.34272054584147155;
        scene.add(mesh);

        mat = new THREE.MeshPhysicalMaterial({color: "#ffffff"});
        mesh = new THREE.Mesh(marker_geom, mat);
        mesh.scale.x = 0.06019155865060135;
        mesh.scale.y = 0.051617650930660605;
        mesh.scale.z = 0.0537401226814258;
        m = new THREE.Matrix4();
        m.set(-0.9428237333018082, -0.08287117078904535, 0.32282468458111113, 0, 
              0.15849177101923947, -0.9635485669266245, 0.21553310115347382, 0,
              0.2931957817602871, 0.25437477906762074, 0.9215908557121607, 0,
              0,            0,            0,            1);
        mesh.setRotationFromMatrix(m);    
        mesh.position.x = 0.22146570617338734;
        mesh.position.y = 0.9710213456450971;
        mesh.position.z = -0.34272054584147155;
        scene.add(mesh);

        mat = new THREE.MeshPhysicalMaterial({color: "#ffffff"});
        mesh = new THREE.Mesh(marker_geom, mat);
        mesh.scale.x = 0.0537401226814258;
        mesh.scale.y = 0.06019155865060135;
        mesh.scale.z = 0.051617650930660605;
        m = new THREE.Matrix4();
        m.set(-0.32282468458111113, -0.9428237333018082, 0.08287117078904535, 0, 
              -0.21553310115347382, 0.15849177101923947, 0.9635485669266245, 0,
              -0.9215908557121607, 0.2931957817602871, -0.25437477906762074, 0,
              0,            0,            0,            1);
        mesh.setRotationFromMatrix(m);   
        mesh.position.x = 0.22146570617338734;
        mesh.position.y = 0.9710213456450971;
        mesh.position.z = -0.34272054584147155;
        scene.add(mesh);
        
    //C005
        mat = new THREE.MeshPhysicalMaterial({color:"#000000"});
        mesh = new THREE.Mesh(sphere_geom, mat);
        mesh.scale.x = 0.07512328285473097;
        mesh.scale.y = 0.04496114448561134;
        mesh.scale.z = 0.057581955330399004;
        m = new THREE.Matrix4();
        m.set(0.7842402559194603, 0.5753513733425011, 0.23224559885663598, 0, 
              0.3450661236952707, -0.09336053684464667, -0.9339235410021525, 0,
              -0.5156516181234182, 0.8125605253474827, -0.271751359469871, 0,
              0,            0,            0,            1);
        mesh.setRotationFromMatrix(m);
        mesh.position.x = 0.3176316995809921;
        mesh.position.y = 1.8643558669722957;
        mesh.position.z = 0.5597321318766758;
        scene.add(mesh);

        mat = new THREE.MeshPhysicalMaterial({color: "#ffffff"});
        mesh = new THREE.Mesh(marker_geom, mat);
        mesh.scale.x = 0.08312328285473097;
        mesh.scale.y = 0.05296114448561134;
        mesh.scale.z = 0.06558195533039901;
        mesh.setRotationFromMatrix(m);
        mesh.position.x = 0.3176316995809921;
        mesh.position.y = 1.8643558669722957;
        mesh.position.z = 0.5597321318766758;
        scene.add(mesh);

        mat = new THREE.MeshPhysicalMaterial({color: "#ffffff"});
        mesh = new THREE.Mesh(marker_geom, mat);
        mesh.scale.x = 0.08312328285473097;
        mesh.scale.y = 0.06558195533039901;
        mesh.scale.z = 0.05296114448561134;
        m = new THREE.Matrix4();
        m.set(0.7842402559194603, -0.23224559885663598, 0.5753513733425011, 0, 
              0.3450661236952707, 0.9339235410021525, -0.09336053684464667, 0,
              -0.5156516181234182, 0.271751359469871, 0.8125605253474827, 0,
              0,            0,            0,            1);
        mesh.setRotationFromMatrix(m);    
        mesh.position.x = 0.3176316995809921;
        mesh.position.y = 1.8643558669722957;
        mesh.position.z = 0.5597321318766758;
        scene.add(mesh);

        mat = new THREE.MeshPhysicalMaterial({color: "#ffffff"});
        mesh = new THREE.Mesh(marker_geom, mat);
        mesh.scale.x = 0.05296114448561134;
        mesh.scale.y = 0.08312328285473097;
        mesh.scale.z = 0.06558195533039901;
        m = new THREE.Matrix4();
        m.set(-0.5753513733425011, 0.7842402559194603, 0.23224559885663598, 0, 
              0.09336053684464667, 0.3450661236952707, -0.9339235410021525, 0,
              -0.8125605253474827, -0.5156516181234182, -0.271751359469871, 0,
              0,            0,            0,            1);
        mesh.setRotationFromMatrix(m);   
        mesh.position.x = 0.3176316995809921;
        mesh.position.y = 1.8643558669722957;
        mesh.position.z = 0.5597321318766758;
        scene.add(mesh);
        
    //C006
        mat = new THREE.MeshPhysicalMaterial({color:"#000000"});
        mesh = new THREE.Mesh(sphere_geom, mat);
        mesh.scale.x = 0.04467629564131049;
        mesh.scale.y = 0.04622464283223654;
        mesh.scale.z = 0.048563284617109494;
        m = new THREE.Matrix4();
        m.set(0.8923455814434856, -0.4513513707694786, 0.001141657917496271, 0, 
              -0.3368325188734274, -0.6676151593786094, -0.6639532010595746, 0,
              0.30043837555756714, 0.5920911577387277, -0.7477732566894479, 0,
              0,            0,            0,            1);
        mesh.setRotationFromMatrix(m);
        mesh.position.x = -0.2822919017824817;
        mesh.position.y = 0.9700244138011263;
        mesh.position.z = 0.1600401302704264;
        scene.add(mesh);

        mat = new THREE.MeshPhysicalMaterial({color: "#ffffff"});
        mesh = new THREE.Mesh(marker_geom, mat);
        mesh.scale.x = 0.05267629564131049;
        mesh.scale.y = 0.05422464283223654;
        mesh.scale.z = 0.056563284617109494;
        mesh.setRotationFromMatrix(m);
        mesh.position.x = -0.2822919017824817;
        mesh.position.y = 0.9700244138011263;
        mesh.position.z = 0.1600401302704264;
        scene.add(mesh);

        mat = new THREE.MeshPhysicalMaterial({color: "#ffffff"});
        mesh = new THREE.Mesh(marker_geom, mat);
        mesh.scale.x = 0.05267629564131049;
        mesh.scale.y = 0.056563284617109494;
        mesh.scale.z = 0.05422464283223654;
        m = new THREE.Matrix4();
        m.set(0.8923455814434856, -0.001141657917496271, -0.4513513707694786, 0, 
              -0.3368325188734274, 0.6639532010595746, -0.6676151593786094, 0,
              0.30043837555756714, 0.7477732566894479, 0.5920911577387277, 0,
              0,            0,            0,            1);
        mesh.setRotationFromMatrix(m);    
        mesh.position.x = -0.2822919017824817;
        mesh.position.y = 0.9700244138011263;
        mesh.position.z = 0.1600401302704264;
        scene.add(mesh);

        mat = new THREE.MeshPhysicalMaterial({color: "#ffffff"});
        mesh = new THREE.Mesh(marker_geom, mat);
        mesh.scale.x = 0.05422464283223654;
        mesh.scale.y = 0.05267629564131049;
        mesh.scale.z = 0.056563284617109494;
        m = new THREE.Matrix4();
        m.set(0.4513513707694786, 0.8923455814434856, 0.001141657917496271, 0, 
              0.6676151593786094, -0.3368325188734274, -0.6639532010595746, 0,
              -0.5920911577387277, 0.30043837555756714, -0.7477732566894479, 0,
              0,            0,            0,            1);
        mesh.setRotationFromMatrix(m);   
        mesh.position.x = -0.2822919017824817;
        mesh.position.y = 0.9700244138011263;
        mesh.position.z = 0.1600401302704264;
        scene.add(mesh);
        
    //C007
        mat = new THREE.MeshPhysicalMaterial({color:"#000000"});
        mesh = new THREE.Mesh(sphere_geom, mat);
        mesh.scale.x = 0.04562063606769709;
        mesh.scale.y = 0.0625300279344274;
        mesh.scale.z = 0.056612532369595216;
        m = new THREE.Matrix4();
        m.set(-0.738373461968759, 0.60515705461771, 0.2976400005151979, 0, 
              0.019670987864071777, 0.46048402458936505, -0.8874500072310735, 0,
              -0.6741050978124412, -0.6494146613254113, -0.35191322049459883, 0,
              0,            0,            0,            1);
        mesh.setRotationFromMatrix(m);
        mesh.position.x = 0.004123863563042706;
        mesh.position.y = 1.584812204824513;
        mesh.position.z = 0.5499217667832895;
        scene.add(mesh);

        mat = new THREE.MeshPhysicalMaterial({color: "#ffffff"});
        mesh = new THREE.Mesh(marker_geom, mat);
        mesh.scale.x = 0.05362063606769709;
        mesh.scale.y = 0.07053002793442739;
        mesh.scale.z = 0.06461253236959522;
        mesh.setRotationFromMatrix(m);
        mesh.position.x = 0.004123863563042706;
        mesh.position.y = 1.584812204824513;
        mesh.position.z = 0.5499217667832895;
        scene.add(mesh);

        mat = new THREE.MeshPhysicalMaterial({color: "#ffffff"});
        mesh = new THREE.Mesh(marker_geom, mat);
        mesh.scale.x = 0.05362063606769709;
        mesh.scale.y = 0.06461253236959522;
        mesh.scale.z = 0.07053002793442739;
        m = new THREE.Matrix4();
        m.set(-0.738373461968759, -0.2976400005151979, 0.60515705461771, 0, 
              0.019670987864071777, 0.8874500072310735, 0.46048402458936505, 0,
              -0.6741050978124412, 0.35191322049459883, -0.6494146613254113, 0,
              0,            0,            0,            1);
        mesh.setRotationFromMatrix(m);    
        mesh.position.x = 0.004123863563042706;
        mesh.position.y = 1.584812204824513;
        mesh.position.z = 0.5499217667832895;
        scene.add(mesh);

        mat = new THREE.MeshPhysicalMaterial({color: "#ffffff"});
        mesh = new THREE.Mesh(marker_geom, mat);
        mesh.scale.x = 0.07053002793442739;
        mesh.scale.y = 0.05362063606769709;
        mesh.scale.z = 0.06461253236959522;
        m = new THREE.Matrix4();
        m.set(-0.60515705461771, -0.738373461968759, 0.2976400005151979, 0, 
              -0.46048402458936505, 0.019670987864071777, -0.8874500072310735, 0,
              0.6494146613254113, -0.6741050978124412, -0.35191322049459883, 0,
              0,            0,            0,            1);
        mesh.setRotationFromMatrix(m);   
        mesh.position.x = 0.004123863563042706;
        mesh.position.y = 1.584812204824513;
        mesh.position.z = 0.5499217667832895;
        scene.add(mesh);
        
    //C008
        mat = new THREE.MeshPhysicalMaterial({color:"#000000"});
        mesh = new THREE.Mesh(sphere_geom, mat);
        mesh.scale.x = 0.05295752941183943;
        mesh.scale.y = 0.043641553785699554;
        mesh.scale.z = 0.04751984355786596;
        m = new THREE.Matrix4();
        m.set(0.7377137308941851, 0.6593759218240128, 0.14492013306961712, 0, 
              0.47183342567649217, -0.3500350460901369, -0.8092272146455911, 0,
              -0.4828578151636029, 0.6653561904930388, -0.5693412597976917, 0,
              0,            0,            0,            1);
        mesh.setRotationFromMatrix(m);
        mesh.position.x = 0.00349345226928216;
        mesh.position.y = 1.3083162920907945;
        mesh.position.z = 0.24115995069174678;
        scene.add(mesh);

        mat = new THREE.MeshPhysicalMaterial({color: "#ffffff"});
        mesh = new THREE.Mesh(marker_geom, mat);
        mesh.scale.x = 0.06095752941183943;
        mesh.scale.y = 0.051641553785699554;
        mesh.scale.z = 0.05551984355786596;
        mesh.setRotationFromMatrix(m);
        mesh.position.x = 0.00349345226928216;
        mesh.position.y = 1.3083162920907945;
        mesh.position.z = 0.24115995069174678;
        scene.add(mesh);

        mat = new THREE.MeshPhysicalMaterial({color: "#ffffff"});
        mesh = new THREE.Mesh(marker_geom, mat);
        mesh.scale.x = 0.06095752941183943;
        mesh.scale.y = 0.05551984355786596;
        mesh.scale.z = 0.051641553785699554;
        m = new THREE.Matrix4();
        m.set(0.7377137308941851, -0.14492013306961712, 0.6593759218240128, 0, 
              0.47183342567649217, 0.8092272146455911, -0.3500350460901369, 0,
              -0.4828578151636029, 0.5693412597976917, 0.6653561904930388, 0,
              0,            0,            0,            1);
        mesh.setRotationFromMatrix(m);    
        mesh.position.x = 0.00349345226928216;
        mesh.position.y = 1.3083162920907945;
        mesh.position.z = 0.24115995069174678;
        scene.add(mesh);

        mat = new THREE.MeshPhysicalMaterial({color: "#ffffff"});
        mesh = new THREE.Mesh(marker_geom, mat);
        mesh.scale.x = 0.051641553785699554;
        mesh.scale.y = 0.06095752941183943;
        mesh.scale.z = 0.05551984355786596;
        m = new THREE.Matrix4();
        m.set(-0.6593759218240128, 0.7377137308941851, 0.14492013306961712, 0, 
              0.3500350460901369, 0.47183342567649217, -0.8092272146455911, 0,
              -0.6653561904930388, -0.4828578151636029, -0.5693412597976917, 0,
              0,            0,            0,            1);
        mesh.setRotationFromMatrix(m);   
        mesh.position.x = 0.00349345226928216;
        mesh.position.y = 1.3083162920907945;
        mesh.position.z = 0.24115995069174678;
        scene.add(mesh);
        
    //C009
        mat = new THREE.MeshPhysicalMaterial({color:"#000000"});
        mesh = new THREE.Mesh(sphere_geom, mat);
        mesh.scale.x = 0.07131152546424285;
        mesh.scale.y = 0.04384134400137062;
        mesh.scale.z = 0.05247336107127241;
        m = new THREE.Matrix4();
        m.set(-0.9680521869534111, 0.1894811564498362, 0.1642311014550864, 0, 
              0.04208935712225784, -0.5228809089442216, 0.851365985389773, 0,
              0.2471911190794547, 0.8310790855340406, 0.4982008673578858, 0,
              0,            0,            0,            1);
        mesh.setRotationFromMatrix(m);
        mesh.position.x = 0.6147743910089715;
        mesh.position.y = 1.579119716727903;
        mesh.position.z = -0.04261108413572629;
        scene.add(mesh);

        mat = new THREE.MeshPhysicalMaterial({color: "#ffffff"});
        mesh = new THREE.Mesh(marker_geom, mat);
        mesh.scale.x = 0.07931152546424286;
        mesh.scale.y = 0.05184134400137062;
        mesh.scale.z = 0.06047336107127241;
        mesh.setRotationFromMatrix(m);
        mesh.position.x = 0.6147743910089715;
        mesh.position.y = 1.579119716727903;
        mesh.position.z = -0.04261108413572629;
        scene.add(mesh);

        mat = new THREE.MeshPhysicalMaterial({color: "#ffffff"});
        mesh = new THREE.Mesh(marker_geom, mat);
        mesh.scale.x = 0.07931152546424286;
        mesh.scale.y = 0.06047336107127241;
        mesh.scale.z = 0.05184134400137062;
        m = new THREE.Matrix4();
        m.set(-0.9680521869534111, -0.1642311014550864, 0.1894811564498362, 0, 
              0.04208935712225784, -0.851365985389773, -0.5228809089442216, 0,
              0.2471911190794547, -0.4982008673578858, 0.8310790855340406, 0,
              0,            0,            0,            1);
        mesh.setRotationFromMatrix(m);    
        mesh.position.x = 0.6147743910089715;
        mesh.position.y = 1.579119716727903;
        mesh.position.z = -0.04261108413572629;
        scene.add(mesh);

        mat = new THREE.MeshPhysicalMaterial({color: "#ffffff"});
        mesh = new THREE.Mesh(marker_geom, mat);
        mesh.scale.x = 0.05184134400137062;
        mesh.scale.y = 0.07931152546424286;
        mesh.scale.z = 0.06047336107127241;
        m = new THREE.Matrix4();
        m.set(-0.1894811564498362, -0.9680521869534111, 0.1642311014550864, 0, 
              0.5228809089442216, 0.04208935712225784, 0.851365985389773, 0,
              -0.8310790855340406, 0.2471911190794547, 0.4982008673578858, 0,
              0,            0,            0,            1);
        mesh.setRotationFromMatrix(m);   
        mesh.position.x = 0.6147743910089715;
        mesh.position.y = 1.579119716727903;
        mesh.position.z = -0.04261108413572629;
        scene.add(mesh);
        
    //C00A
        mat = new THREE.MeshPhysicalMaterial({color:"#000000"});
        mesh = new THREE.Mesh(sphere_geom, mat);
        mesh.scale.x = 0.05622886686342813;
        mesh.scale.y = 0.04317354009477046;
        mesh.scale.z = 0.045706206766041334;
        m = new THREE.Matrix4();
        m.set(-0.9570596440831721, -0.28882081737311827, -0.024887207945365655, 0, 
              -0.1096318339746266, 0.44008145420830447, -0.8912402451871572, 0,
              0.2683611347545541, -0.8502416416018612, -0.45284815583087, 0,
              0,            0,            0,            1);
        mesh.setRotationFromMatrix(m);
        mesh.position.x = 0.30234271010784874;
        mesh.position.y = 1.3062034691174012;
        mesh.position.z = -0.05133037898053922;
        scene.add(mesh);

        mat = new THREE.MeshPhysicalMaterial({color: "#ffffff"});
        mesh = new THREE.Mesh(marker_geom, mat);
        mesh.scale.x = 0.06422886686342813;
        mesh.scale.y = 0.05117354009477046;
        mesh.scale.z = 0.053706206766041334;
        mesh.setRotationFromMatrix(m);
        mesh.position.x = 0.30234271010784874;
        mesh.position.y = 1.3062034691174012;
        mesh.position.z = -0.05133037898053922;
        scene.add(mesh);

        mat = new THREE.MeshPhysicalMaterial({color: "#ffffff"});
        mesh = new THREE.Mesh(marker_geom, mat);
        mesh.scale.x = 0.06422886686342813;
        mesh.scale.y = 0.053706206766041334;
        mesh.scale.z = 0.05117354009477046;
        m = new THREE.Matrix4();
        m.set(-0.9570596440831721, 0.024887207945365655, -0.28882081737311827, 0, 
              -0.1096318339746266, 0.8912402451871572, 0.44008145420830447, 0,
              0.2683611347545541, 0.45284815583087, -0.8502416416018612, 0,
              0,            0,            0,            1);
        mesh.setRotationFromMatrix(m);    
        mesh.position.x = 0.30234271010784874;
        mesh.position.y = 1.3062034691174012;
        mesh.position.z = -0.05133037898053922;
        scene.add(mesh);

        mat = new THREE.MeshPhysicalMaterial({color: "#ffffff"});
        mesh = new THREE.Mesh(marker_geom, mat);
        mesh.scale.x = 0.05117354009477046;
        mesh.scale.y = 0.06422886686342813;
        mesh.scale.z = 0.053706206766041334;
        m = new THREE.Matrix4();
        m.set(0.28882081737311827, -0.9570596440831721, -0.024887207945365655, 0, 
              -0.44008145420830447, -0.1096318339746266, -0.8912402451871572, 0,
              0.8502416416018612, 0.2683611347545541, -0.45284815583087, 0,
              0,            0,            0,            1);
        mesh.setRotationFromMatrix(m);   
        mesh.position.x = 0.30234271010784874;
        mesh.position.y = 1.3062034691174012;
        mesh.position.z = -0.05133037898053922;
        scene.add(mesh);
        
    //C00B
        mat = new THREE.MeshPhysicalMaterial({color:"#000000"});
        mesh = new THREE.Mesh(sphere_geom, mat);
        mesh.scale.x = 0.07794780384239214;
        mesh.scale.y = 0.05889429007942103;
        mesh.scale.z = 0.047495739621454106;
        m = new THREE.Matrix4();
        m.set(-0.9726862538876969, -0.20326405112068976, 0.11209450039999162, 0, 
              -0.19526609457180003, 0.977616388608623, 0.07834123457356547, 0,
              -0.12550937737314688, 0.05431318666621544, -0.9906046002041206, 0,
              0,            0,            0,            1);
        mesh.setRotationFromMatrix(m);
        mesh.position.x = -0.8146311565910446;
        mesh.position.y = 0.4166307784227089;
        mesh.position.z = -0.5346200486175607;
        scene.add(mesh);

        mat = new THREE.MeshPhysicalMaterial({color: "#ffffff"});
        mesh = new THREE.Mesh(marker_geom, mat);
        mesh.scale.x = 0.08594780384239215;
        mesh.scale.y = 0.06689429007942102;
        mesh.scale.z = 0.055495739621454106;
        mesh.setRotationFromMatrix(m);
        mesh.position.x = -0.8146311565910446;
        mesh.position.y = 0.4166307784227089;
        mesh.position.z = -0.5346200486175607;
        scene.add(mesh);

        mat = new THREE.MeshPhysicalMaterial({color: "#ffffff"});
        mesh = new THREE.Mesh(marker_geom, mat);
        mesh.scale.x = 0.08594780384239215;
        mesh.scale.y = 0.055495739621454106;
        mesh.scale.z = 0.06689429007942102;
        m = new THREE.Matrix4();
        m.set(-0.9726862538876969, -0.11209450039999162, -0.20326405112068976, 0, 
              -0.19526609457180003, -0.07834123457356547, 0.977616388608623, 0,
              -0.12550937737314688, 0.9906046002041206, 0.05431318666621544, 0,
              0,            0,            0,            1);
        mesh.setRotationFromMatrix(m);    
        mesh.position.x = -0.8146311565910446;
        mesh.position.y = 0.4166307784227089;
        mesh.position.z = -0.5346200486175607;
        scene.add(mesh);

        mat = new THREE.MeshPhysicalMaterial({color: "#ffffff"});
        mesh = new THREE.Mesh(marker_geom, mat);
        mesh.scale.x = 0.06689429007942102;
        mesh.scale.y = 0.08594780384239215;
        mesh.scale.z = 0.055495739621454106;
        m = new THREE.Matrix4();
        m.set(0.20326405112068976, -0.9726862538876969, 0.11209450039999162, 0, 
              -0.977616388608623, -0.19526609457180003, 0.07834123457356547, 0,
              -0.05431318666621544, -0.12550937737314688, -0.9906046002041206, 0,
              0,            0,            0,            1);
        mesh.setRotationFromMatrix(m);   
        mesh.position.x = -0.8146311565910446;
        mesh.position.y = 0.4166307784227089;
        mesh.position.z = -0.5346200486175607;
        scene.add(mesh);
        
    //C00C
        mat = new THREE.MeshPhysicalMaterial({color:"#000000"});
        mesh = new THREE.Mesh(sphere_geom, mat);
        mesh.scale.x = 0.053539595239856415;
        mesh.scale.y = 0.04551128612461827;
        mesh.scale.z = 0.04174840220697642;
        m = new THREE.Matrix4();
        m.set(0.6093134857813424, -0.7329366960984244, -0.30255722691305253, 0, 
              -0.5169916028751633, -0.656528191571665, 0.5492635216616957, 0,
              -0.6012127398862728, -0.17825412529297974, -0.778953598242203, 0,
              0,            0,            0,            1);
        mesh.setRotationFromMatrix(m);
        mesh.position.x = -0.13060616062962735;
        mesh.position.y = 0.7713965449111061;
        mesh.position.z = -0.19027347977244782;
        scene.add(mesh);

        mat = new THREE.MeshPhysicalMaterial({color: "#ffffff"});
        mesh = new THREE.Mesh(marker_geom, mat);
        mesh.scale.x = 0.061539595239856415;
        mesh.scale.y = 0.05351128612461827;
        mesh.scale.z = 0.04974840220697642;
        mesh.setRotationFromMatrix(m);
        mesh.position.x = -0.13060616062962735;
        mesh.position.y = 0.7713965449111061;
        mesh.position.z = -0.19027347977244782;
        scene.add(mesh);

        mat = new THREE.MeshPhysicalMaterial({color: "#ffffff"});
        mesh = new THREE.Mesh(marker_geom, mat);
        mesh.scale.x = 0.061539595239856415;
        mesh.scale.y = 0.04974840220697642;
        mesh.scale.z = 0.05351128612461827;
        m = new THREE.Matrix4();
        m.set(0.6093134857813424, 0.30255722691305253, -0.7329366960984244, 0, 
              -0.5169916028751633, -0.5492635216616957, -0.656528191571665, 0,
              -0.6012127398862728, 0.778953598242203, -0.17825412529297974, 0,
              0,            0,            0,            1);
        mesh.setRotationFromMatrix(m);    
        mesh.position.x = -0.13060616062962735;
        mesh.position.y = 0.7713965449111061;
        mesh.position.z = -0.19027347977244782;
        scene.add(mesh);

        mat = new THREE.MeshPhysicalMaterial({color: "#ffffff"});
        mesh = new THREE.Mesh(marker_geom, mat);
        mesh.scale.x = 0.05351128612461827;
        mesh.scale.y = 0.061539595239856415;
        mesh.scale.z = 0.04974840220697642;
        m = new THREE.Matrix4();
        m.set(0.7329366960984244, 0.6093134857813424, -0.30255722691305253, 0, 
              0.656528191571665, -0.5169916028751633, 0.5492635216616957, 0,
              0.17825412529297974, -0.6012127398862728, -0.778953598242203, 0,
              0,            0,            0,            1);
        mesh.setRotationFromMatrix(m);   
        mesh.position.x = -0.13060616062962735;
        mesh.position.y = 0.7713965449111061;
        mesh.position.z = -0.19027347977244782;
        scene.add(mesh);
        
    //C00D
        mat = new THREE.MeshPhysicalMaterial({color:"#000000"});
        mesh = new THREE.Mesh(sphere_geom, mat);
        mesh.scale.x = 0.0788187825314059;
        mesh.scale.y = 0.04377534496030024;
        mesh.scale.z = 0.056135367050315625;
        m = new THREE.Matrix4();
        m.set(-0.9339378453925088, -0.35311489860871237, 0.05540730388818355, 0, 
              -0.18117611919491627, 0.33404585755466887, -0.9249803127007818, 0,
              0.3081157489922712, -0.8739126005677714, -0.37595405542673305, 0,
              0,            0,            0,            1);
        mesh.setRotationFromMatrix(m);
        mesh.position.x = 0.6181092122008562;
        mesh.position.y = 1.8612590684710897;
        mesh.position.z = 0.2707598241953651;
        scene.add(mesh);

        mat = new THREE.MeshPhysicalMaterial({color: "#ffffff"});
        mesh = new THREE.Mesh(marker_geom, mat);
        mesh.scale.x = 0.0868187825314059;
        mesh.scale.y = 0.05177534496030024;
        mesh.scale.z = 0.06413536705031563;
        mesh.setRotationFromMatrix(m);
        mesh.position.x = 0.6181092122008562;
        mesh.position.y = 1.8612590684710897;
        mesh.position.z = 0.2707598241953651;
        scene.add(mesh);

        mat = new THREE.MeshPhysicalMaterial({color: "#ffffff"});
        mesh = new THREE.Mesh(marker_geom, mat);
        mesh.scale.x = 0.0868187825314059;
        mesh.scale.y = 0.06413536705031563;
        mesh.scale.z = 0.05177534496030024;
        m = new THREE.Matrix4();
        m.set(-0.9339378453925088, -0.05540730388818355, -0.35311489860871237, 0, 
